Analyse from dana.cpp: 
Num_files = 3; nAtoms = 80; steps_frame  = 10000 * 10 (for cut[0]); 
md_dt = 0.001; RunTime = 200 * 10000 (Num_frames * steps_frame )
time	Ang[Fave][P000]	Ang[F001][P000]	Ang[F002][P000]	Ang[F003][P000]	
aot	0 	0 	0 	0 	
100	-17.7379 	-17.7379 	-17.7379 	-17.7379 	
200	-18.2069 	-18.2069 	-18.2069 	-18.2069 	
300	-18.544 	-18.544 	-18.544 	-18.544 	
400	-19.5469 	-19.5469 	-19.5469 	-19.5469 	
500	-20.1981 	-20.1981 	-20.1981 	-20.1981 	
600	-20.9782 	-20.9782 	-20.9782 	-20.9782 	
700	-18.53 	-18.53 	-18.53 	-18.53 	
800	-20.4625 	-20.4625 	-20.4625 	-20.4625 	
900	-20.4687 	-20.4687 	-20.4687 	-20.4687 	
1000	-20.1783 	-20.1783 	-20.1783 	-20.1783 	
1100	-17.7714 	-17.7714 	-17.7714 	-17.7714 	
1200	-20.9824 	-20.9824 	-20.9824 	-20.9824 	
1300	-21.582 	-21.582 	-21.582 	-21.582 	
1400	-20.3004 	-20.3004 	-20.3004 	-20.3004 	
1500	-18.9373 	-18.9373 	-18.9373 	-18.9373 	
1600	-20.1149 	-20.1149 	-20.1149 	-20.1149 	
1700	-20.1155 	-20.1155 	-20.1155 	-20.1155 	
1800	-19.3215 	-19.3215 	-19.3215 	-19.3215 	
1900	-20.7219 	-20.7219 	-20.7219 	-20.7219 	
2000	-20.0014 	-20.0014 	-20.0014 	-20.0014 	
2100	-19.4117 	-19.4117 	-19.4117 	-19.4117 	
2200	-16.9038 	-16.9038 	-16.9038 	-16.9038 	
2300	-16.3516 	-16.3516 	-16.3516 	-16.3516 	
2400	-17.5264 	-17.5264 	-17.5264 	-17.5264 	
2500	-17.2959 	-17.2959 	-17.2959 	-17.2959 	
2600	-17.4211 	-17.4211 	-17.4211 	-17.4211 	
2700	-16.5242 	-16.5242 	-16.5242 	-16.5242 	
2800	-17.5371 	-17.5371 	-17.5371 	-17.5371 	
2900	-19.6454 	-19.6454 	-19.6454 	-19.6454 	
3000	-18.5152 	-18.5152 	-18.5152 	-18.5152 	
3100	-18.2744 	-18.2744 	-18.2744 	-18.2744 	
3200	-19.4482 	-19.4482 	-19.4482 	-19.4482 	
3300	-18.3839 	-18.3839 	-18.3839 	-18.3839 	
3400	-19.1554 	-19.1554 	-19.1554 	-19.1554 	
3500	-18.5803 	-18.5803 	-18.5803 	-18.5803 	
3600	-18.1548 	-18.1548 	-18.1548 	-18.1548 	
3700	-18.3946 	-18.3946 	-18.3946 	-18.3946 	
3800	-17.4492 	-17.4492 	-17.4492 	-17.4492 	
3900	-17.284 	-17.284 	-17.284 	-17.284 	
4000	-18.1405 	-18.1405 	-18.1405 	-18.1405 	
4100	-16.4958 	-16.4958 	-16.4958 	-16.4958 	
4200	-15.6387 	-15.6387 	-15.6387 	-15.6387 	
4300	-15.4786 	-15.4786 	-15.4786 	-15.4786 	
4400	-16.9925 	-16.9925 	-16.9925 	-16.9925 	
4500	-18.1417 	-18.1417 	-18.1417 	-18.1417 	
4600	-18.5832 	-18.5832 	-18.5832 	-18.5832 	
4700	-17.3442 	-17.3442 	-17.3442 	-17.3442 	
4800	-19.6588 	-19.6588 	-19.6588 	-19.6588 	
4900	-17.9964 	-17.9964 	-17.9964 	-17.9964 	
5000	-17.5967 	-17.5967 	-17.5967 	-17.5967 	
5100	-16.512 	-16.512 	-16.512 	-16.512 	
5200	-15.0722 	-15.0722 	-15.0722 	-15.0722 	
5300	-16.108 	-16.108 	-16.108 	-16.108 	
5400	-16.9744 	-16.9744 	-16.9744 	-16.9744 	
5500	-16.2605 	-16.2605 	-16.2605 	-16.2605 	
5600	-18.357 	-18.357 	-18.357 	-18.357 	
5700	-15.1621 	-15.1621 	-15.1621 	-15.1621 	
5800	-14.0072 	-14.0072 	-14.0072 	-14.0072 	
5900	-15.6916 	-15.6916 	-15.6916 	-15.6916 	
6000	-15.0774 	-15.0774 	-15.0774 	-15.0774 	
6100	-17.2399 	-17.2399 	-17.2399 	-17.2399 	
6200	-17.2404 	-17.2404 	-17.2404 	-17.2404 	
6300	-15.0313 	-15.0313 	-15.0313 	-15.0313 	
6400	-16.5683 	-16.5683 	-16.5683 	-16.5683 	
6500	-14.7566 	-14.7566 	-14.7566 	-14.7566 	
6600	-12.7124 	-12.7124 	-12.7124 	-12.7124 	
6700	-13.6621 	-13.6621 	-13.6621 	-13.6621 	
6800	-14.9252 	-14.9252 	-14.9252 	-14.9252 	
6900	-14.9977 	-14.9977 	-14.9977 	-14.9977 	
7000	-16.0559 	-16.0559 	-16.0559 	-16.0559 	
7100	-15.6745 	-15.6745 	-15.6745 	-15.6745 	
7200	-16.9331 	-16.9331 	-16.9331 	-16.9331 	
7300	-15.4618 	-15.4618 	-15.4618 	-15.4618 	
7400	-16.956 	-16.956 	-16.956 	-16.956 	
7500	-15.7655 	-15.7655 	-15.7655 	-15.7655 	
7600	-14.2024 	-14.2024 	-14.2024 	-14.2024 	
7700	-16.3442 	-16.3442 	-16.3442 	-16.3442 	
7800	-15.908 	-15.908 	-15.908 	-15.908 	
7900	-15.8356 	-15.8356 	-15.8356 	-15.8356 	
8000	-14.1351 	-14.1351 	-14.1351 	-14.1351 	
8100	-12.9492 	-12.9492 	-12.9492 	-12.9492 	
8200	-13.4231 	-13.4231 	-13.4231 	-13.4231 	
8300	-14.0848 	-14.0848 	-14.0848 	-14.0848 	
8400	-13.051 	-13.051 	-13.051 	-13.051 	
8500	-13.4989 	-13.4989 	-13.4989 	-13.4989 	
8600	-13.4815 	-13.4815 	-13.4815 	-13.4815 	
8700	-14.8558 	-14.8558 	-14.8558 	-14.8558 	
8800	-14.8247 	-14.8247 	-14.8247 	-14.8247 	
8900	-12.8118 	-12.8118 	-12.8118 	-12.8118 	
9000	-14.997 	-14.997 	-14.997 	-14.997 	
9100	-14.0447 	-14.0447 	-14.0447 	-14.0447 	
9200	-13.6869 	-13.6869 	-13.6869 	-13.6869 	
9300	-12.2942 	-12.2942 	-12.2942 	-12.2942 	
9400	-11.2626 	-11.2626 	-11.2626 	-11.2626 	
9500	-14.2814 	-14.2814 	-14.2814 	-14.2814 	
9600	-14.1533 	-14.1533 	-14.1533 	-14.1533 	
9700	-15.7272 	-15.7272 	-15.7272 	-15.7272 	
9800	-17.2554 	-17.2554 	-17.2554 	-17.2554 	
9900	-16.2164 	-16.2164 	-16.2164 	-16.2164 	
10000	-15.1641 	-15.1641 	-15.1641 	-15.1641 	
10100	-13.9373 	-13.9373 	-13.9373 	-13.9373 	
10200	-11.9307 	-11.9307 	-11.9307 	-11.9307 	
10300	-11.4158 	-11.4158 	-11.4158 	-11.4158 	
10400	-12.9814 	-12.9814 	-12.9814 	-12.9814 	
10500	-12.8139 	-12.8139 	-12.8139 	-12.8139 	
10600	-12.9579 	-12.9579 	-12.9579 	-12.9579 	
10700	-14.0375 	-14.0375 	-14.0375 	-14.0375 	
10800	-11.0485 	-11.0485 	-11.0485 	-11.0485 	
10900	-12.2692 	-12.2692 	-12.2692 	-12.2692 	
11000	-13.6901 	-13.6901 	-13.6901 	-13.6901 	
11100	-13.6558 	-13.6558 	-13.6558 	-13.6558 	
11200	-12.3848 	-12.3848 	-12.3848 	-12.3848 	
11300	-12.6554 	-12.6554 	-12.6554 	-12.6554 	
11400	-12.1238 	-12.1238 	-12.1238 	-12.1238 	
11500	-9.95002 	-9.95002 	-9.95002 	-9.95002 	
11600	-9.1651 	-9.1651 	-9.1651 	-9.1651 	
11700	-11.1802 	-11.1802 	-11.1802 	-11.1802 	
11800	-10.6203 	-10.6203 	-10.6203 	-10.6203 	
11900	-10.5514 	-10.5514 	-10.5514 	-10.5514 	
12000	-11.1593 	-11.1593 	-11.1593 	-11.1593 	
12100	-9.8533 	-9.8533 	-9.8533 	-9.8533 	
12200	-12.5985 	-12.5985 	-12.5985 	-12.5985 	
12300	-11.5797 	-11.5797 	-11.5797 	-11.5797 	
12400	-11.2785 	-11.2785 	-11.2785 	-11.2785 	
12500	-11.7557 	-11.7557 	-11.7557 	-11.7557 	
12600	-11.4298 	-11.4298 	-11.4298 	-11.4298 	
12700	-10.1851 	-10.1851 	-10.1851 	-10.1851 	
12800	-10.4581 	-10.4581 	-10.4581 	-10.4581 	
12900	-9.67816 	-9.67816 	-9.67816 	-9.67816 	
13000	-10.3906 	-10.3906 	-10.3906 	-10.3906 	
13100	-12.9457 	-12.9457 	-12.9457 	-12.9457 	
13200	-12.5964 	-12.5964 	-12.5964 	-12.5964 	
13300	-11.1555 	-11.1555 	-11.1555 	-11.1555 	
13400	-11.5617 	-11.5617 	-11.5617 	-11.5617 	
13500	-10.065 	-10.065 	-10.065 	-10.065 	
13600	-7.39239 	-7.39239 	-7.39239 	-7.39239 	
13700	-12.0476 	-12.0476 	-12.0476 	-12.0476 	
13800	-10.5985 	-10.5985 	-10.5985 	-10.5985 	
13900	-9.44728 	-9.44728 	-9.44728 	-9.44728 	
14000	-7.06197 	-7.06197 	-7.06197 	-7.06197 	
14100	-6.4502 	-6.4502 	-6.4502 	-6.4502 	
14200	-6.18047 	-6.18047 	-6.18047 	-6.18047 	
14300	-6.74687 	-6.74687 	-6.74687 	-6.74687 	
14400	-6.87753 	-6.87753 	-6.87753 	-6.87753 	
14500	-6.28509 	-6.28509 	-6.28509 	-6.28509 	
14600	-7.32323 	-7.32323 	-7.32323 	-7.32323 	
14700	-8.4256 	-8.4256 	-8.4256 	-8.4256 	
14800	-8.64247 	-8.64247 	-8.64247 	-8.64247 	
14900	-8.59948 	-8.59948 	-8.59948 	-8.59948 	
15000	-7.90945 	-7.90945 	-7.90945 	-7.90945 	
15100	-7.91622 	-7.91622 	-7.91622 	-7.91622 	
15200	-5.7747 	-5.7747 	-5.7747 	-5.7747 	
15300	-6.20192 	-6.20192 	-6.20192 	-6.20192 	
15400	-7.70822 	-7.70822 	-7.70822 	-7.70822 	
15500	-6.29664 	-6.29664 	-6.29664 	-6.29664 	
15600	-7.03647 	-7.03647 	-7.03647 	-7.03647 	
15700	-3.75002 	-3.75002 	-3.75002 	-3.75002 	
15800	-1.91533 	-1.91533 	-1.91533 	-1.91533 	
15900	-2.22526 	-2.22526 	-2.22526 	-2.22526 	
16000	-4.96902 	-4.96902 	-4.96902 	-4.96902 	
16100	-3.56242 	-3.56242 	-3.56242 	-3.56242 	
16200	-1.91318 	-1.91318 	-1.91318 	-1.91318 	
16300	-3.14344 	-3.14344 	-3.14344 	-3.14344 	
16400	-3.32962 	-3.32962 	-3.32962 	-3.32962 	
16500	-3.46339 	-3.46339 	-3.46339 	-3.46339 	
16600	-1.47288 	-1.47288 	-1.47288 	-1.47288 	
16700	-1.17262 	-1.17262 	-1.17262 	-1.17262 	
16800	-2.21237 	-2.21237 	-2.21237 	-2.21237 	
16900	-2.08781 	-2.08781 	-2.08781 	-2.08781 	
17000	-2.40081 	-2.40081 	-2.40081 	-2.40081 	
17100	-4.11234 	-4.11234 	-4.11234 	-4.11234 	
17200	-0.675516 	-0.675516 	-0.675516 	-0.675516 	
17300	-4.12248 	-4.12248 	-4.12248 	-4.12248 	
17400	-1.6532 	-1.6532 	-1.6532 	-1.6532 	
17500	-2.66022 	-2.66022 	-2.66022 	-2.66022 	
17600	-1.50115 	-1.50115 	-1.50115 	-1.50115 	
17700	-3.53078 	-3.53078 	-3.53078 	-3.53078 	
17800	-1.51152 	-1.51152 	-1.51152 	-1.51152 	
17900	-0.90169 	-0.90169 	-0.90169 	-0.90169 	
18000	-2.65047 	-2.65047 	-2.65047 	-2.65047 	
18100	-1.89475 	-1.89475 	-1.89475 	-1.89475 	
18200	-3.91281 	-3.91281 	-3.91281 	-3.91281 	
18300	-3.9378 	-3.9378 	-3.9378 	-3.9378 	
18400	-1.31801 	-1.31801 	-1.31801 	-1.31801 	
18500	-3.04089 	-3.04089 	-3.04089 	-3.04089 	
18600	-0.196288 	-0.196288 	-0.196288 	-0.196288 	
18700	-2.75674 	-2.75674 	-2.75674 	-2.75674 	
18800	-1.27009 	-1.27009 	-1.27009 	-1.27009 	
18900	-2.35333 	-2.35333 	-2.35333 	-2.35333 	
19000	-0.776014 	-0.776014 	-0.776014 	-0.776014 	
19100	-0.89294 	-0.89294 	-0.89294 	-0.89294 	
19200	-1.39799 	-1.39799 	-1.39799 	-1.39799 	
19300	-0.709195 	-0.709195 	-0.709195 	-0.709195 	
19400	0.157995 	0.157995 	0.157995 	0.157995 	
19500	-0.801657 	-0.801657 	-0.801657 	-0.801657 	
19600	0.982687 	0.982687 	0.982687 	0.982687 	
19700	-0.159454 	-0.159454 	-0.159454 	-0.159454 	
19800	3.51869 	3.51869 	3.51869 	3.51869 	
19900	0.999757 	0.999757 	0.999757 	0.999757 	
20000	0.387272 	0.387272 	0.387272 	0.387272 	
