Analyse from dana.cpp: 
Num_files = 3; nAtoms = 80; steps_frame  = 10000 * 10 (for cut[0]); 
md_dt = 0.001; RunTime = 200 * 10000 (Num_frames * steps_frame )
time	Re[Fave][P000]	Re[F001][P000]	Re[F002][P000]	Re[F003][P000]	
aot	0 	0 	0 	0 	
100	6.44017 	6.44017 	6.44017 	6.44017 	
200	6.21779 	6.21779 	6.21779 	6.21779 	
300	5.73495 	5.73495 	5.73495 	5.73495 	
400	5.35473 	5.35473 	5.35473 	5.35473 	
500	5.5789 	5.5789 	5.5789 	5.5789 	
600	5.70406 	5.70406 	5.70406 	5.70406 	
700	6.16501 	6.16501 	6.16501 	6.16501 	
800	6.05428 	6.05428 	6.05428 	6.05428 	
900	6.75571 	6.75571 	6.75571 	6.75571 	
1000	5.75609 	5.75609 	5.75609 	5.75609 	
1100	5.69946 	5.69946 	5.69946 	5.69946 	
1200	5.20598 	5.20598 	5.20598 	5.20598 	
1300	5.36638 	5.36638 	5.36638 	5.36638 	
1400	5.0645 	5.0645 	5.0645 	5.0645 	
1500	5.03814 	5.03814 	5.03814 	5.03814 	
1600	5.14404 	5.14404 	5.14404 	5.14404 	
1700	5.35974 	5.35974 	5.35974 	5.35974 	
1800	5.56792 	5.56792 	5.56792 	5.56792 	
1900	5.47418 	5.47418 	5.47418 	5.47418 	
2000	5.45972 	5.45972 	5.45972 	5.45972 	
2100	5.50852 	5.50852 	5.50852 	5.50852 	
2200	5.45565 	5.45565 	5.45565 	5.45565 	
2300	5.18738 	5.18738 	5.18738 	5.18738 	
2400	4.89828 	4.89828 	4.89828 	4.89828 	
2500	5.0006 	5.0006 	5.0006 	5.0006 	
2600	4.85218 	4.85218 	4.85218 	4.85218 	
2700	4.47292 	4.47292 	4.47292 	4.47292 	
2800	3.77077 	3.77077 	3.77077 	3.77077 	
2900	3.38633 	3.38633 	3.38633 	3.38633 	
3000	3.41413 	3.41413 	3.41413 	3.41413 	
3100	3.54845 	3.54845 	3.54845 	3.54845 	
3200	3.57538 	3.57538 	3.57538 	3.57538 	
3300	3.76043 	3.76043 	3.76043 	3.76043 	
3400	4.14085 	4.14085 	4.14085 	4.14085 	
3500	4.03744 	4.03744 	4.03744 	4.03744 	
3600	3.26463 	3.26463 	3.26463 	3.26463 	
3700	3.49015 	3.49015 	3.49015 	3.49015 	
3800	3.70762 	3.70762 	3.70762 	3.70762 	
3900	4.31224 	4.31224 	4.31224 	4.31224 	
4000	3.60579 	3.60579 	3.60579 	3.60579 	
4100	3.31015 	3.31015 	3.31015 	3.31015 	
4200	3.48708 	3.48708 	3.48708 	3.48708 	
4300	3.1478 	3.1478 	3.1478 	3.1478 	
4400	3.00637 	3.00637 	3.00637 	3.00637 	
4500	2.8695 	2.8695 	2.8695 	2.8695 	
4600	3.17134 	3.17134 	3.17134 	3.17134 	
4700	3.71497 	3.71497 	3.71497 	3.71497 	
4800	4.08714 	4.08714 	4.08714 	4.08714 	
4900	3.95414 	3.95414 	3.95414 	3.95414 	
5000	3.89828 	3.89828 	3.89828 	3.89828 	
5100	4.34078 	4.34078 	4.34078 	4.34078 	
5200	4.14146 	4.14146 	4.14146 	4.14146 	
5300	4.59769 	4.59769 	4.59769 	4.59769 	
5400	3.80645 	3.80645 	3.80645 	3.80645 	
5500	4.1011 	4.1011 	4.1011 	4.1011 	
5600	4.04658 	4.04658 	4.04658 	4.04658 	
5700	4.73272 	4.73272 	4.73272 	4.73272 	
5800	5.1206 	5.1206 	5.1206 	5.1206 	
5900	4.32155 	4.32155 	4.32155 	4.32155 	
6000	4.77663 	4.77663 	4.77663 	4.77663 	
6100	5.02607 	5.02607 	5.02607 	5.02607 	
6200	4.64323 	4.64323 	4.64323 	4.64323 	
6300	4.90991 	4.90991 	4.90991 	4.90991 	
6400	4.5178 	4.5178 	4.5178 	4.5178 	
6500	4.79469 	4.79469 	4.79469 	4.79469 	
6600	4.89666 	4.89666 	4.89666 	4.89666 	
6700	4.73915 	4.73915 	4.73915 	4.73915 	
6800	4.07122 	4.07122 	4.07122 	4.07122 	
6900	3.53533 	3.53533 	3.53533 	3.53533 	
7000	3.56582 	3.56582 	3.56582 	3.56582 	
7100	3.06686 	3.06686 	3.06686 	3.06686 	
7200	2.53439 	2.53439 	2.53439 	2.53439 	
7300	2.73876 	2.73876 	2.73876 	2.73876 	
7400	2.51588 	2.51588 	2.51588 	2.51588 	
7500	3.49064 	3.49064 	3.49064 	3.49064 	
7600	3.58313 	3.58313 	3.58313 	3.58313 	
7700	4.24893 	4.24893 	4.24893 	4.24893 	
7800	5.54328 	5.54328 	5.54328 	5.54328 	
7900	5.52666 	5.52666 	5.52666 	5.52666 	
8000	6.93335 	6.93335 	6.93335 	6.93335 	
8100	7.27787 	7.27787 	7.27787 	7.27787 	
8200	7.96248 	7.96248 	7.96248 	7.96248 	
8300	8.08212 	8.08212 	8.08212 	8.08212 	
8400	7.81875 	7.81875 	7.81875 	7.81875 	
8500	8.13549 	8.13549 	8.13549 	8.13549 	
8600	9.06813 	9.06813 	9.06813 	9.06813 	
8700	9.18706 	9.18706 	9.18706 	9.18706 	
8800	9.31387 	9.31387 	9.31387 	9.31387 	
8900	9.67212 	9.67212 	9.67212 	9.67212 	
9000	9.41888 	9.41888 	9.41888 	9.41888 	
9100	9.60533 	9.60533 	9.60533 	9.60533 	
9200	9.84519 	9.84519 	9.84519 	9.84519 	
9300	10.1831 	10.1831 	10.1831 	10.1831 	
9400	11.1632 	11.1632 	11.1632 	11.1632 	
9500	10.552 	10.552 	10.552 	10.552 	
9600	10.7702 	10.7702 	10.7702 	10.7702 	
9700	11.2155 	11.2155 	11.2155 	11.2155 	
9800	10.8044 	10.8044 	10.8044 	10.8044 	
9900	10.9567 	10.9567 	10.9567 	10.9567 	
10000	10.7185 	10.7185 	10.7185 	10.7185 	
10100	10.6474 	10.6474 	10.6474 	10.6474 	
10200	10.5305 	10.5305 	10.5305 	10.5305 	
10300	9.92826 	9.92826 	9.92826 	9.92826 	
10400	9.78545 	9.78545 	9.78545 	9.78545 	
10500	9.63439 	9.63439 	9.63439 	9.63439 	
10600	9.82269 	9.82269 	9.82269 	9.82269 	
10700	9.28322 	9.28322 	9.28322 	9.28322 	
10800	8.80781 	8.80781 	8.80781 	8.80781 	
10900	7.88327 	7.88327 	7.88327 	7.88327 	
11000	7.57881 	7.57881 	7.57881 	7.57881 	
11100	7.50528 	7.50528 	7.50528 	7.50528 	
11200	7.33592 	7.33592 	7.33592 	7.33592 	
11300	6.9489 	6.9489 	6.9489 	6.9489 	
11400	6.81866 	6.81866 	6.81866 	6.81866 	
11500	7.02412 	7.02412 	7.02412 	7.02412 	
11600	7.45427 	7.45427 	7.45427 	7.45427 	
11700	6.90938 	6.90938 	6.90938 	6.90938 	
11800	6.62882 	6.62882 	6.62882 	6.62882 	
11900	5.9343 	5.9343 	5.9343 	5.9343 	
12000	5.44724 	5.44724 	5.44724 	5.44724 	
12100	5.46512 	5.46512 	5.46512 	5.46512 	
12200	5.16348 	5.16348 	5.16348 	5.16348 	
12300	5.17537 	5.17537 	5.17537 	5.17537 	
12400	4.95662 	4.95662 	4.95662 	4.95662 	
12500	4.72378 	4.72378 	4.72378 	4.72378 	
12600	3.9384 	3.9384 	3.9384 	3.9384 	
12700	3.65481 	3.65481 	3.65481 	3.65481 	
12800	3.7559 	3.7559 	3.7559 	3.7559 	
12900	3.29784 	3.29784 	3.29784 	3.29784 	
13000	2.91505 	2.91505 	2.91505 	2.91505 	
13100	2.44872 	2.44872 	2.44872 	2.44872 	
13200	1.9945 	1.9945 	1.9945 	1.9945 	
13300	2.00909 	2.00909 	2.00909 	2.00909 	
13400	2.09962 	2.09962 	2.09962 	2.09962 	
13500	1.98259 	1.98259 	1.98259 	1.98259 	
13600	2.22879 	2.22879 	2.22879 	2.22879 	
13700	1.87857 	1.87857 	1.87857 	1.87857 	
13800	2.53193 	2.53193 	2.53193 	2.53193 	
13900	3.53923 	3.53923 	3.53923 	3.53923 	
14000	4.13712 	4.13712 	4.13712 	4.13712 	
14100	4.27806 	4.27806 	4.27806 	4.27806 	
14200	4.33063 	4.33063 	4.33063 	4.33063 	
14300	4.42204 	4.42204 	4.42204 	4.42204 	
14400	3.97053 	3.97053 	3.97053 	3.97053 	
14500	3.94467 	3.94467 	3.94467 	3.94467 	
14600	3.92269 	3.92269 	3.92269 	3.92269 	
14700	3.93071 	3.93071 	3.93071 	3.93071 	
14800	3.69522 	3.69522 	3.69522 	3.69522 	
14900	3.15747 	3.15747 	3.15747 	3.15747 	
15000	3.1225 	3.1225 	3.1225 	3.1225 	
15100	3.081 	3.081 	3.081 	3.081 	
15200	3.46387 	3.46387 	3.46387 	3.46387 	
15300	3.87903 	3.87903 	3.87903 	3.87903 	
15400	4.08332 	4.08332 	4.08332 	4.08332 	
15500	4.25702 	4.25702 	4.25702 	4.25702 	
15600	5.08188 	5.08188 	5.08188 	5.08188 	
15700	5.39246 	5.39246 	5.39246 	5.39246 	
15800	5.97436 	5.97436 	5.97436 	5.97436 	
15900	6.445 	6.445 	6.445 	6.445 	
16000	7.11666 	7.11666 	7.11666 	7.11666 	
16100	7.34418 	7.34418 	7.34418 	7.34418 	
16200	7.67727 	7.67727 	7.67727 	7.67727 	
16300	8.25029 	8.25029 	8.25029 	8.25029 	
16400	8.91986 	8.91986 	8.91986 	8.91986 	
16500	8.86139 	8.86139 	8.86139 	8.86139 	
16600	9.19219 	9.19219 	9.19219 	9.19219 	
16700	9.71469 	9.71469 	9.71469 	9.71469 	
16800	10.1683 	10.1683 	10.1683 	10.1683 	
16900	9.94096 	9.94096 	9.94096 	9.94096 	
17000	9.6935 	9.6935 	9.6935 	9.6935 	
17100	9.68669 	9.68669 	9.68669 	9.68669 	
17200	9.55826 	9.55826 	9.55826 	9.55826 	
17300	9.67669 	9.67669 	9.67669 	9.67669 	
17400	9.89832 	9.89832 	9.89832 	9.89832 	
17500	9.75496 	9.75496 	9.75496 	9.75496 	
17600	10.1948 	10.1948 	10.1948 	10.1948 	
17700	9.90012 	9.90012 	9.90012 	9.90012 	
17800	9.47077 	9.47077 	9.47077 	9.47077 	
17900	9.66432 	9.66432 	9.66432 	9.66432 	
18000	9.45562 	9.45562 	9.45562 	9.45562 	
18100	9.24109 	9.24109 	9.24109 	9.24109 	
18200	8.97463 	8.97463 	8.97463 	8.97463 	
18300	8.95 	8.95 	8.95 	8.95 	
18400	7.95298 	7.95298 	7.95298 	7.95298 	
18500	7.88393 	7.88393 	7.88393 	7.88393 	
18600	8.01624 	8.01624 	8.01624 	8.01624 	
18700	8.14613 	8.14613 	8.14613 	8.14613 	
18800	8.10602 	8.10602 	8.10602 	8.10602 	
18900	7.92827 	7.92827 	7.92827 	7.92827 	
19000	8.02166 	8.02166 	8.02166 	8.02166 	
19100	8.02145 	8.02145 	8.02145 	8.02145 	
19200	7.93748 	7.93748 	7.93748 	7.93748 	
19300	8.13888 	8.13888 	8.13888 	8.13888 	
19400	7.5097 	7.5097 	7.5097 	7.5097 	
19500	7.67022 	7.67022 	7.67022 	7.67022 	
19600	6.85968 	6.85968 	6.85968 	6.85968 	
19700	6.13534 	6.13534 	6.13534 	6.13534 	
19800	5.75686 	5.75686 	5.75686 	5.75686 	
19900	4.98152 	4.98152 	4.98152 	4.98152 	
20000	4.49274 	4.49274 	4.49274 	4.49274 	
