time msd[1][001] msd[1][  ] msd[1][  ] msd[1][  ] msd[1][  ] msd[1][  ] msd[1][  ] msd[1][  ] msd[1][  ] msd[1][  ] msd[1][  ] msd[1][  ] msd[1][  ] msd[1][  ] msd[1][  ] msd[1][  ] msd[1][  ] msd[1][  ] msd[1][  ] msd[1][  ] ave[1] 
5 8.82222e-05 
10 0.000351566 
15 0.000788332 
20 0.00139713 
25 0.00217683 
30 0.00312648 
35 0.00424532 
40 0.00553267 
45 0.00698788 
50 0.0086104 
55 0.0103997 
60 0.0123554 
65 0.014477 
70 0.016764 
75 0.0192161 
80 0.0218328 
85 0.0246137 
90 0.0275586 
95 0.0306673 
100 0.0339393 
105 0.0373743 
110 0.0409719 
115 0.0447318 
120 0.0486536 
125 0.052737 
130 0.0569818 
135 0.0613876 
140 0.0659542 
145 0.0706816 
150 0.0755696 
155 0.0806182 
160 0.0858274 
165 0.091197 
170 0.0967268 
175 0.102417 
180 0.108268 
185 0.114279 
190 0.120451 
195 0.126782 
200 0.133274 
205 0.139926 
210 0.146737 
215 0.153708 
220 0.160838 
225 0.168127 
230 0.175575 
235 0.183183 
240 0.19095 
245 0.198877 
250 0.206963 
255 0.215208 
260 0.223613 
265 0.232177 
270 0.240902 
275 0.249785 
280 0.258828 
285 0.268029 
290 0.277389 
295 0.286908 
300 0.296587 
305 0.306424 
310 0.316419 
315 0.326573 
320 0.336886 
325 0.347356 
330 0.357985 
335 0.368772 
340 0.379718 
345 0.390823 
350 0.402087 
355 0.41351 
360 0.425092 
365 0.436832 
370 0.448731 
375 0.460789 
380 0.473004 
385 0.485378 
390 0.497909 
395 0.510598 
400 0.523445 
405 0.536448 
410 0.549608 
415 0.562925 
420 0.576399 
425 0.59003 
430 0.603818 
435 0.617762 
440 0.631863 
445 0.646119 
450 0.660533 
455 0.675102 
460 0.689828 
465 0.704709 
470 0.719745 
475 0.734938 
480 0.750286 
485 0.765791 
490 0.781453 
495 0.79727 
500 0.813244 
505 0.829373 
510 0.845658 
515 0.862098 
520 0.878694 
525 0.895445 
530 0.912352 
535 0.929415 
540 0.946631 
545 0.964 
550 0.981522 
555 0.999197 
560 1.01702 
565 1.035 
570 1.05313 
575 1.07142 
580 1.08986 
585 1.10845 
590 1.12719 
595 1.14609 
600 1.16514 
605 1.18435 
610 1.20371 
615 1.22322 
620 1.24289 
625 1.26271 
630 1.28268 
635 1.30281 
640 1.32309 
645 1.34352 
650 1.36411 
655 1.38485 
660 1.40575 
665 1.42679 
670 1.44799 
675 1.46934 
680 1.49085 
685 1.5125 
690 1.53431 
695 1.55626 
700 1.57837 
705 1.60064 
710 1.62305 
715 1.64561 
720 1.66833 
725 1.69119 
730 1.71421 
735 1.73738 
740 1.76071 
745 1.78418 
750 1.8078 
755 1.83158 
760 1.8555 
765 1.87957 
770 1.90379 
775 1.92817 
780 1.95269 
785 1.97737 
790 2.0022 
795 2.02718 
800 2.05232 
805 2.07761 
810 2.10305 
815 2.12864 
820 2.15438 
825 2.18028 
830 2.20633 
835 2.23253 
840 2.25888 
845 2.28538 
850 2.31204 
855 2.33885 
860 2.36582 
865 2.39293 
870 2.4202 
875 2.44762 
880 2.4752 
885 2.50292 
890 2.5308 
895 2.55883 
900 2.587 
905 2.61533 
910 2.64381 
915 2.67244 
920 2.70122 
925 2.73014 
930 2.75922 
935 2.78844 
940 2.81781 
945 2.84733 
950 2.87699 
955 2.90681 
960 2.93678 
965 2.9669 
970 2.99718 
975 3.0276 
980 3.05817 
985 3.0889 
990 3.11977 
995 3.1508 
1000 3.18197 
1005 3.2133 
1010 3.24478 
1015 3.27641 
1020 3.30819 
1025 3.34011 
1030 3.37219 
1035 3.40442 
1040 3.43679 
1045 3.46932 
1050 3.50199 
1055 3.53482 
1060 3.56779 
1065 3.60092 
1070 3.6342 
1075 3.66763 
1080 3.70121 
1085 3.73494 
1090 3.76882 
1095 3.80284 
1100 3.83702 
1105 3.87135 
1110 3.90583 
1115 3.94045 
1120 3.97522 
1125 4.01014 
1130 4.0452 
1135 4.08041 
1140 4.11578 
1145 4.15128 
1150 4.18694 
1155 4.22274 
1160 4.25869 
1165 4.29478 
1170 4.33102 
1175 4.3674 
1180 4.40392 
1185 4.44059 
1190 4.4774 
1195 4.51435 
1200 4.55145 
1205 4.58869 
1210 4.62607 
1215 4.6636 
1220 4.70127 
1225 4.73908 
1230 4.77704 
1235 4.81514 
1240 4.85338 
1245 4.89177 
1250 4.9303 
1255 4.96898 
1260 5.00781 
1265 5.04677 
1270 5.08588 
1275 5.12513 
1280 5.16453 
1285 5.20407 
1290 5.24376 
1295 5.28359 
1300 5.32357 
1305 5.3637 
1310 5.40396 
1315 5.44437 
1320 5.48493 
1325 5.52563 
1330 5.56647 
1335 5.60745 
1340 5.64859 
1345 5.68986 
1350 5.73128 
1355 5.77285 
1360 5.81455 
1365 5.8564 
1370 5.8984 
1375 5.94053 
1380 5.9828 
1385 6.02521 
1390 6.06776 
1395 6.11045 
1400 6.15328 
1405 6.19624 
1410 6.23934 
1415 6.28258 
1420 6.32595 
1425 6.36947 
1430 6.41311 
1435 6.4569 
1440 6.50082 
1445 6.54488 
1450 6.58907 
1455 6.6334 
1460 6.67787 
1465 6.72247 
1470 6.76721 
1475 6.81209 
1480 6.85711 
1485 6.90227 
1490 6.94756 
1495 6.99299 
1500 7.03855 
1505 7.08425 
1510 7.13009 
1515 7.17606 
1520 7.22218 
1525 7.26843 
1530 7.31482 
1535 7.36136 
1540 7.40803 
1545 7.45484 
1550 7.50179 
1555 7.54888 
1560 7.59611 
1565 7.64349 
1570 7.691 
1575 7.73866 
1580 7.78646 
1585 7.8344 
1590 7.88248 
1595 7.9307 
1600 7.97906 
1605 8.02756 
1610 8.07621 
1615 8.12499 
1620 8.17393 
1625 8.223 
1630 8.27221 
1635 8.32157 
1640 8.37107 
1645 8.42071 
1650 8.47049 
1655 8.5204 
1660 8.57046 
1665 8.62066 
1670 8.67099 
1675 8.72145 
1680 8.77206 
1685 8.82279 
1690 8.87367 
1695 8.92467 
1700 8.97581 
1705 9.02709 
1710 9.0785 
1715 9.13004 
1720 9.18172 
1725 9.23354 
1730 9.2855 
1735 9.33759 
1740 9.38982 
1745 9.44219 
1750 9.49469 
1755 9.54733 
1760 9.60011 
1765 9.65301 
1770 9.70605 
1775 9.75922 
1780 9.81253 
1785 9.86596 
1790 9.91953 
1795 9.97323 
1800 10.0271 
1805 10.081 
1810 10.1351 
1815 10.1893 
1820 10.2437 
1825 10.2981 
1830 10.3527 
1835 10.4074 
1840 10.4623 
1845 10.5173 
1850 10.5724 
1855 10.6276 
1860 10.683 
1865 10.7385 
1870 10.7941 
1875 10.8499 
1880 10.9058 
1885 10.9618 
1890 11.018 
1895 11.0743 
1900 11.1307 
1905 11.1873 
1910 11.244 
1915 11.3008 
1920 11.3577 
1925 11.4148 
1930 11.472 
1935 11.5294 
1940 11.5869 
1945 11.6445 
1950 11.7022 
1955 11.7601 
1960 11.8181 
1965 11.8762 
1970 11.9345 
1975 11.9929 
1980 12.0514 
1985 12.11 
1990 12.1688 
1995 12.2277 
2000 12.2867 
2005 12.3459 
2010 12.4051 
2015 12.4645 
2020 12.524 
2025 12.5837 
2030 12.6434 
2035 12.7033 
2040 12.7633 
2045 12.8235 
2050 12.8837 
2055 12.9441 
2060 13.0046 
2065 13.0652 
2070 13.126 
2075 13.1868 
2080 13.2478 
2085 13.309 
2090 13.3702 
2095 13.4316 
2100 13.4931 
2105 13.5547 
2110 13.6164 
2115 13.6782 
2120 13.7402 
2125 13.8023 
2130 13.8645 
2135 13.9268 
2140 13.9892 
2145 14.0517 
2150 14.1144 
2155 14.1772 
2160 14.2401 
2165 14.3031 
2170 14.3662 
2175 14.4295 
2180 14.4929 
2185 14.5564 
2190 14.62 
2195 14.6837 
2200 14.7476 
2205 14.8116 
2210 14.8757 
2215 14.9399 
2220 15.0042 
2225 15.0687 
2230 15.1332 
2235 15.1979 
2240 15.2627 
2245 15.3277 
2250 15.3927 
2255 15.4579 
2260 15.5232 
2265 15.5886 
2270 15.6542 
2275 15.7198 
2280 15.7856 
2285 15.8515 
2290 15.9175 
2295 15.9837 
2300 16.0499 
2305 16.1163 
2310 16.1828 
2315 16.2494 
2320 16.3161 
2325 16.3829 
2330 16.4498 
2335 16.5169 
2340 16.584 
2345 16.6513 
2350 16.7187 
2355 16.7862 
2360 16.8538 
2365 16.9216 
2370 16.9894 
2375 17.0574 
2380 17.1254 
2385 17.1936 
2390 17.2619 
2395 17.3304 
2400 17.3989 
2405 17.4676 
2410 17.5363 
2415 17.6052 
2420 17.6742 
2425 17.7433 
2430 17.8125 
2435 17.8819 
2440 17.9513 
2445 18.0208 
2450 18.0905 
2455 18.1603 
2460 18.2302 
2465 18.3002 
2470 18.3703 
2475 18.4405 
2480 18.5108 
2485 18.5813 
2490 18.6518 
2495 18.7224 
2500 18.7932 
2505 18.8641 
2510 18.935 
2515 19.0061 
2520 19.0773 
2525 19.1486 
2530 19.22 
2535 19.2915 
2540 19.3631 
2545 19.4348 
2550 19.5066 
2555 19.5786 
2560 19.6506 
2565 19.7228 
2570 19.7951 
2575 19.8675 
2580 19.94 
2585 20.0126 
2590 20.0854 
2595 20.1582 
2600 20.2312 
2605 20.3042 
2610 20.3774 
2615 20.4506 
2620 20.524 
2625 20.5975 
2630 20.671 
2635 20.7447 
2640 20.8185 
2645 20.8924 
2650 20.9664 
2655 21.0405 
2660 21.1147 
2665 21.189 
2670 21.2634 
2675 21.3379 
2680 21.4125 
2685 21.4873 
2690 21.5621 
2695 21.637 
2700 21.712 
2705 21.7872 
2710 21.8624 
2715 21.9378 
2720 22.0132 
2725 22.0888 
2730 22.1644 
2735 22.2402 
2740 22.3161 
2745 22.3921 
2750 22.4682 
2755 22.5443 
2760 22.6206 
2765 22.697 
2770 22.7735 
2775 22.8501 
2780 22.9268 
2785 23.0036 
2790 23.0805 
2795 23.1575 
2800 23.2346 
2805 23.3118 
2810 23.3891 
2815 23.4665 
2820 23.544 
2825 23.6216 
2830 23.6993 
2835 23.7772 
2840 23.8551 
2845 23.9332 
2850 24.0113 
2855 24.0896 
2860 24.1679 
2865 24.2464 
2870 24.325 
2875 24.4036 
2880 24.4824 
2885 24.5613 
2890 24.6403 
2895 24.7193 
2900 24.7985 
2905 24.8778 
2910 24.9571 
2915 25.0366 
2920 25.1161 
2925 25.1958 
2930 25.2755 
2935 25.3554 
2940 25.4353 
2945 25.5153 
2950 25.5955 
2955 25.6757 
2960 25.7561 
2965 25.8365 
2970 25.917 
2975 25.9976 
2980 26.0783 
2985 26.1592 
2990 26.2401 
2995 26.3211 
3000 26.4021 
3005 26.4833 
3010 26.5646 
3015 26.646 
3020 26.7275 
3025 26.8091 
3030 26.8908 
3035 26.9726 
3040 27.0544 
3045 27.1364 
3050 27.2184 
3055 27.3006 
3060 27.3828 
3065 27.4651 
3070 27.5475 
3075 27.63 
3080 27.7126 
3085 27.7952 
3090 27.878 
3095 27.9609 
3100 28.0438 
3105 28.1269 
3110 28.21 
3115 28.2933 
3120 28.3766 
3125 28.46 
3130 28.5436 
3135 28.6272 
3140 28.7109 
3145 28.7947 
3150 28.8786 
3155 28.9626 
3160 29.0466 
3165 29.1308 
3170 29.215 
3175 29.2994 
3180 29.3838 
3185 29.4683 
3190 29.5528 
3195 29.6375 
3200 29.7223 
3205 29.8071 
3210 29.892 
3215 29.9771 
3220 30.0622 
3225 30.1474 
3230 30.2327 
3235 30.3181 
3240 30.4035 
3245 30.4891 
3250 30.5748 
3255 30.6605 
3260 30.7464 
3265 30.8324 
3270 30.9184 
3275 31.0046 
3280 31.0908 
3285 31.1771 
3290 31.2635 
3295 31.35 
3300 31.4367 
3305 31.5234 
3310 31.6102 
3315 31.6971 
3320 31.784 
3325 31.8711 
3330 31.9583 
3335 32.0455 
3340 32.1328 
3345 32.2203 
3350 32.3078 
3355 32.3954 
3360 32.4831 
3365 32.5708 
3370 32.6587 
3375 32.7467 
3380 32.8347 
3385 32.9228 
3390 33.011 
3395 33.0993 
3400 33.1877 
3405 33.2762 
3410 33.3647 
3415 33.4533 
3420 33.5421 
3425 33.6309 
3430 33.7198 
3435 33.8088 
3440 33.8979 
3445 33.987 
3450 34.0763 
3455 34.1656 
3460 34.2551 
3465 34.3446 
3470 34.4342 
3475 34.5239 
3480 34.6137 
3485 34.7036 
3490 34.7935 
3495 34.8836 
3500 34.9737 
3505 35.064 
3510 35.1543 
3515 35.2446 
3520 35.3351 
3525 35.4256 
3530 35.5163 
3535 35.607 
3540 35.6978 
3545 35.7886 
3550 35.8796 
3555 35.9706 
3560 36.0617 
3565 36.1528 
3570 36.2441 
3575 36.3354 
3580 36.4268 
3585 36.5182 
3590 36.6098 
3595 36.7014 
3600 36.793 
3605 36.8848 
3610 36.9766 
3615 37.0685 
3620 37.1604 
3625 37.2524 
3630 37.3446 
3635 37.4367 
3640 37.529 
3645 37.6213 
3650 37.7137 
3655 37.8062 
3660 37.8987 
3665 37.9913 
3670 38.084 
3675 38.1768 
3680 38.2696 
3685 38.3625 
3690 38.4555 
3695 38.5486 
3700 38.6418 
3705 38.735 
3710 38.8283 
3715 38.9217 
3720 39.0151 
3725 39.1087 
3730 39.2023 
3735 39.296 
3740 39.3898 
3745 39.4836 
3750 39.5776 
3755 39.6716 
3760 39.7657 
3765 39.8599 
3770 39.9541 
3775 40.0485 
3780 40.1429 
3785 40.2373 
3790 40.3319 
3795 40.4265 
3800 40.5213 
3805 40.616 
3810 40.7109 
3815 40.8059 
3820 40.9009 
3825 40.9961 
3830 41.0913 
3835 41.1865 
3840 41.2819 
3845 41.3773 
3850 41.4728 
3855 41.5683 
3860 41.664 
3865 41.7597 
3870 41.8554 
3875 41.9513 
3880 42.0472 
3885 42.1432 
3890 42.2393 
3895 42.3354 
3900 42.4317 
3905 42.528 
3910 42.6244 
3915 42.7208 
3920 42.8174 
3925 42.914 
3930 43.0107 
3935 43.1074 
3940 43.2043 
3945 43.3012 
3950 43.3982 
3955 43.4953 
3960 43.5925 
3965 43.6897 
3970 43.7871 
3975 43.8845 
3980 43.982 
3985 44.0795 
3990 44.1772 
3995 44.2749 
4000 44.3726 
4005 44.4705 
4010 44.5684 
4015 44.6664 
4020 44.7645 
4025 44.8626 
4030 44.9608 
4035 45.0591 
4040 45.1575 
4045 45.256 
4050 45.3545 
4055 45.4531 
4060 45.5518 
4065 45.6506 
4070 45.7494 
4075 45.8484 
4080 45.9474 
4085 46.0464 
4090 46.1455 
4095 46.2447 
4100 46.344 
4105 46.4433 
4110 46.5427 
4115 46.6421 
4120 46.7417 
4125 46.8413 
4130 46.941 
4135 47.0407 
4140 47.1405 
4145 47.2404 
4150 47.3404 
4155 47.4404 
4160 47.5406 
4165 47.6407 
4170 47.741 
4175 47.8413 
4180 47.9417 
4185 48.0422 
4190 48.1427 
4195 48.2433 
4200 48.344 
4205 48.4447 
4210 48.5455 
4215 48.6464 
4220 48.7474 
4225 48.8484 
4230 48.9495 
4235 49.0506 
4240 49.1519 
4245 49.2532 
4250 49.3546 
4255 49.456 
4260 49.5575 
4265 49.6591 
4270 49.7608 
4275 49.8625 
4280 49.9643 
4285 50.0662 
4290 50.1681 
4295 50.2701 
4300 50.3722 
4305 50.4743 
4310 50.5765 
4315 50.6787 
4320 50.7811 
4325 50.8835 
4330 50.9859 
4335 51.0885 
4340 51.1911 
4345 51.2938 
4350 51.3965 
4355 51.4993 
4360 51.6022 
4365 51.7052 
4370 51.8082 
4375 51.9113 
4380 52.0145 
4385 52.1177 
4390 52.221 
4395 52.3244 
4400 52.4278 
4405 52.5312 
4410 52.6347 
4415 52.7383 
4420 52.842 
4425 52.9457 
4430 53.0495 
4435 53.1533 
4440 53.2573 
4445 53.3613 
4450 53.4653 
4455 53.5694 
4460 53.6736 
4465 53.7779 
4470 53.8822 
4475 53.9866 
4480 54.0911 
4485 54.1956 
4490 54.3002 
4495 54.4049 
4500 54.5096 
4505 54.6144 
4510 54.7193 
4515 54.8242 
4520 54.9292 
4525 55.0343 
4530 55.1394 
4535 55.2446 
4540 55.3498 
4545 55.4552 
4550 55.5605 
4555 55.666 
4560 55.7715 
4565 55.8771 
4570 55.9827 
4575 56.0884 
4580 56.1941 
4585 56.3 
4590 56.4059 
4595 56.5118 
4600 56.6178 
4605 56.7238 
4610 56.83 
4615 56.9361 
4620 57.0423 
4625 57.1486 
4630 57.255 
4635 57.3613 
4640 57.4678 
4645 57.5743 
4650 57.6809 
4655 57.7875 
4660 57.8942 
4665 58.001 
4670 58.1078 
4675 58.2146 
4680 58.3215 
4685 58.4285 
4690 58.5355 
4695 58.6426 
4700 58.7497 
4705 58.8569 
4710 58.9642 
4715 59.0715 
4720 59.1789 
4725 59.2864 
4730 59.3939 
4735 59.5015 
4740 59.6092 
4745 59.717 
4750 59.8248 
4755 59.9327 
4760 60.0407 
4765 60.1487 
4770 60.2568 
4775 60.365 
4780 60.4732 
4785 60.5815 
4790 60.6899 
4795 60.7983 
4800 60.9068 
4805 61.0153 
4810 61.1239 
4815 61.2326 
4820 61.3413 
4825 61.4501 
4830 61.5589 
4835 61.6679 
4840 61.7769 
4845 61.886 
4850 61.9951 
4855 62.1043 
4860 62.2136 
4865 62.323 
4870 62.4324 
4875 62.5419 
4880 62.6515 
4885 62.7611 
4890 62.8709 
4895 62.9806 
4900 63.0905 
4905 63.2004 
4910 63.3103 
4915 63.4204 
4920 63.5304 
4925 63.6406 
4930 63.7508 
4935 63.861 
4940 63.9713 
4945 64.0816 
4950 64.192 
4955 64.3024 
4960 64.4129 
4965 64.5234 
4970 64.634 
4975 64.7446 
4980 64.8553 
4985 64.9661 
4990 65.0769 
4995 65.1877 
5000 65.2986 
5005 65.4096 
5010 65.5206 
5015 65.6316 
5020 65.7427 
5025 65.8539 
5030 65.9651 
5035 66.0763 
5040 66.1876 
5045 66.299 
5050 66.4104 
5055 66.5218 
5060 66.6333 
5065 66.7449 
5070 66.8565 
5075 66.9681 
5080 67.0798 
5085 67.1915 
5090 67.3032 
5095 67.4151 
5100 67.5269 
5105 67.6388 
5110 67.7507 
5115 67.8627 
5120 67.9747 
5125 68.0867 
5130 68.1988 
5135 68.311 
5140 68.4231 
5145 68.5354 
5150 68.6477 
5155 68.76 
5160 68.8724 
5165 68.9849 
5170 69.0974 
5175 69.2099 
5180 69.3225 
5185 69.4352 
5190 69.5479 
5195 69.6606 
5200 69.7735 
5205 69.8863 
5210 69.9992 
5215 70.1122 
5220 70.2252 
5225 70.3383 
5230 70.4514 
5235 70.5645 
5240 70.6777 
5245 70.791 
5250 70.9042 
5255 71.0176 
5260 71.131 
5265 71.2444 
5270 71.3579 
5275 71.4714 
5280 71.585 
5285 71.6987 
5290 71.8124 
5295 71.9262 
5300 72.0401 
5305 72.154 
5310 72.2679 
5315 72.3819 
5320 72.496 
5325 72.6101 
5330 72.7243 
5335 72.8385 
5340 72.9528 
5345 73.0672 
5350 73.1816 
5355 73.296 
5360 73.4106 
5365 73.5251 
5370 73.6398 
5375 73.7544 
5380 73.8692 
5385 73.984 
5390 74.0988 
5395 74.2137 
5400 74.3286 
5405 74.4436 
5410 74.5587 
5415 74.6738 
5420 74.789 
5425 74.9043 
5430 75.0197 
5435 75.1351 
5440 75.2506 
5445 75.3662 
5450 75.4819 
5455 75.5977 
5460 75.7135 
5465 75.8294 
5470 75.9454 
5475 76.0614 
5480 76.1776 
5485 76.2938 
5490 76.41 
5495 76.5264 
5500 76.6428 
5505 76.7592 
5510 76.8757 
5515 76.9922 
5520 77.1088 
5525 77.2254 
5530 77.342 
5535 77.4587 
5540 77.5754 
5545 77.6922 
5550 77.809 
5555 77.9258 
5560 78.0427 
5565 78.1596 
5570 78.2766 
5575 78.3936 
5580 78.5106 
5585 78.6277 
5590 78.7448 
5595 78.862 
5600 78.9792 
5605 79.0965 
5610 79.2138 
5615 79.3311 
5620 79.4485 
5625 79.566 
5630 79.6835 
5635 79.8011 
5640 79.9187 
5645 80.0363 
5650 80.1541 
5655 80.2719 
5660 80.3897 
5665 80.5076 
5670 80.6255 
5675 80.7434 
5680 80.8614 
5685 80.9795 
5690 81.0975 
5695 81.2157 
5700 81.3338 
5705 81.452 
5710 81.5702 
5715 81.6885 
5720 81.8069 
5725 81.9252 
5730 82.0437 
5735 82.1621 
5740 82.2807 
5745 82.3992 
5750 82.5179 
5755 82.6366 
5760 82.7553 
5765 82.8741 
5770 82.993 
5775 83.1119 
5780 83.2309 
5785 83.3499 
5790 83.4689 
5795 83.588 
5800 83.7071 
5805 83.8263 
5810 83.9455 
5815 84.0648 
5820 84.1841 
5825 84.3034 
5830 84.4228 
5835 84.5422 
5840 84.6616 
5845 84.7811 
5850 84.9006 
5855 85.0202 
5860 85.1399 
5865 85.2595 
5870 85.3792 
5875 85.499 
5880 85.6188 
5885 85.7387 
5890 85.8587 
5895 85.9787 
5900 86.0987 
5905 86.2188 
5910 86.339 
5915 86.4592 
5920 86.5795 
5925 86.6999 
5930 86.8203 
5935 86.9407 
5940 87.0613 
5945 87.1819 
5950 87.3026 
5955 87.4233 
5960 87.5441 
5965 87.6649 
5970 87.7858 
5975 87.9068 
5980 88.0278 
5985 88.1488 
5990 88.27 
5995 88.3912 
6000 88.5124 
6005 88.6337 
6010 88.7551 
6015 88.8765 
6020 88.9979 
6025 89.1195 
6030 89.2411 
6035 89.3627 
6040 89.4844 
6045 89.6062 
6050 89.728 
6055 89.8499 
6060 89.9718 
6065 90.0938 
6070 90.2159 
6075 90.3379 
6080 90.4601 
6085 90.5823 
6090 90.7045 
6095 90.8268 
6100 90.9491 
6105 91.0715 
6110 91.1939 
6115 91.3164 
6120 91.4389 
6125 91.5615 
6130 91.6841 
6135 91.8068 
6140 91.9296 
6145 92.0523 
6150 92.1752 
6155 92.2981 
6160 92.4211 
6165 92.5441 
6170 92.6672 
6175 92.7903 
6180 92.9135 
6185 93.0367 
6190 93.16 
6195 93.2833 
6200 93.4067 
6205 93.5302 
6210 93.6537 
6215 93.7772 
6220 93.9008 
6225 94.0245 
6230 94.1482 
6235 94.272 
6240 94.3958 
6245 94.5197 
6250 94.6436 
6255 94.7676 
6260 94.8916 
6265 95.0157 
6270 95.1398 
6275 95.2639 
6280 95.3881 
6285 95.5122 
6290 95.6365 
6295 95.7607 
6300 95.885 
6305 96.0094 
6310 96.1337 
6315 96.2582 
6320 96.3826 
6325 96.5071 
6330 96.6316 
6335 96.7562 
6340 96.8808 
6345 97.0055 
6350 97.1302 
6355 97.255 
6360 97.3798 
6365 97.5048 
6370 97.6297 
6375 97.7548 
6380 97.8799 
6385 98.005 
6390 98.1302 
6395 98.2555 
6400 98.3808 
6405 98.5062 
6410 98.6317 
6415 98.7572 
6420 98.8827 
6425 99.0083 
6430 99.134 
6435 99.2597 
6440 99.3855 
6445 99.5113 
6450 99.6371 
6455 99.763 
6460 99.8889 
6465 100.015 
6470 100.141 
6475 100.267 
6480 100.393 
6485 100.519 
6490 100.646 
6495 100.772 
6500 100.898 
6505 101.024 
6510 101.151 
6515 101.277 
6520 101.404 
6525 101.53 
6530 101.656 
6535 101.783 
6540 101.91 
6545 102.036 
6550 102.163 
6555 102.289 
6560 102.416 
6565 102.543 
6570 102.669 
6575 102.796 
6580 102.923 
6585 103.05 
6590 103.177 
6595 103.304 
6600 103.431 
6605 103.558 
6610 103.686 
6615 103.813 
6620 103.94 
6625 104.068 
6630 104.195 
6635 104.323 
6640 104.451 
6645 104.578 
6650 104.706 
6655 104.834 
6660 104.962 
6665 105.089 
6670 105.217 
6675 105.345 
6680 105.473 
6685 105.601 
6690 105.729 
6695 105.857 
6700 105.985 
6705 106.113 
6710 106.241 
6715 106.369 
6720 106.498 
6725 106.626 
6730 106.754 
6735 106.882 
6740 107.011 
6745 107.139 
6750 107.268 
6755 107.396 
6760 107.525 
6765 107.653 
6770 107.782 
6775 107.911 
6780 108.039 
6785 108.168 
6790 108.297 
6795 108.426 
6800 108.555 
6805 108.684 
6810 108.813 
6815 108.942 
6820 109.071 
6825 109.2 
6830 109.33 
6835 109.459 
6840 109.588 
6845 109.718 
6850 109.847 
6855 109.977 
6860 110.106 
6865 110.236 
6870 110.366 
6875 110.495 
6880 110.625 
6885 110.755 
6890 110.885 
6895 111.015 
6900 111.145 
6905 111.275 
6910 111.405 
6915 111.535 
6920 111.665 
6925 111.795 
6930 111.925 
6935 112.055 
6940 112.186 
6945 112.316 
6950 112.446 
6955 112.577 
6960 112.707 
6965 112.837 
6970 112.968 
6975 113.098 
6980 113.229 
6985 113.359 
6990 113.49 
6995 113.621 
7000 113.751 
7005 113.882 
7010 114.013 
7015 114.144 
7020 114.275 
7025 114.405 
7030 114.536 
7035 114.668 
7040 114.799 
7045 114.93 
7050 115.061 
7055 115.192 
7060 115.324 
7065 115.455 
7070 115.586 
7075 115.718 
7080 115.849 
7085 115.98 
7090 116.112 
7095 116.243 
7100 116.375 
7105 116.507 
7110 116.638 
7115 116.77 
7120 116.901 
7125 117.033 
7130 117.165 
7135 117.297 
7140 117.428 
7145 117.56 
7150 117.692 
7155 117.824 
7160 117.956 
7165 118.088 
7170 118.22 
7175 118.352 
7180 118.484 
7185 118.616 
7190 118.748 
7195 118.88 
7200 119.013 
7205 119.145 
7210 119.277 
7215 119.41 
7220 119.542 
7225 119.675 
7230 119.807 
7235 119.94 
7240 120.072 
7245 120.205 
7250 120.337 
7255 120.47 
7260 120.603 
7265 120.735 
7270 120.868 
7275 121.001 
7280 121.134 
7285 121.267 
7290 121.4 
7295 121.533 
7300 121.666 
7305 121.799 
7310 121.932 
7315 122.065 
7320 122.198 
7325 122.331 
7330 122.465 
7335 122.598 
7340 122.732 
7345 122.865 
7350 122.999 
7355 123.132 
7360 123.266 
7365 123.399 
7370 123.533 
7375 123.667 
7380 123.8 
7385 123.934 
7390 124.068 
7395 124.202 
7400 124.336 
7405 124.47 
7410 124.604 
7415 124.739 
7420 124.873 
7425 125.007 
7430 125.141 
7435 125.276 
7440 125.41 
7445 125.545 
7450 125.679 
7455 125.814 
7460 125.949 
7465 126.084 
7470 126.218 
7475 126.353 
7480 126.488 
7485 126.623 
7490 126.758 
7495 126.893 
7500 127.029 
7505 127.164 
7510 127.299 
7515 127.434 
7520 127.57 
7525 127.705 
7530 127.841 
7535 127.976 
7540 128.112 
7545 128.247 
7550 128.383 
7555 128.519 
7560 128.655 
7565 128.791 
7570 128.927 
7575 129.063 
7580 129.199 
7585 129.335 
7590 129.471 
7595 129.607 
7600 129.744 
7605 129.88 
7610 130.016 
7615 130.153 
7620 130.289 
7625 130.426 
7630 130.563 
7635 130.699 
7640 130.836 
7645 130.973 
7650 131.11 
7655 131.246 
7660 131.383 
7665 131.52 
7670 131.657 
7675 131.794 
7680 131.931 
7685 132.069 
7690 132.206 
7695 132.343 
7700 132.48 
7705 132.618 
7710 132.755 
7715 132.893 
7720 133.03 
7725 133.168 
7730 133.305 
7735 133.443 
7740 133.58 
7745 133.718 
7750 133.856 
7755 133.993 
7760 134.131 
7765 134.269 
7770 134.407 
7775 134.545 
7780 134.682 
7785 134.82 
7790 134.958 
7795 135.096 
7800 135.234 
7805 135.371 
7810 135.509 
7815 135.647 
7820 135.785 
7825 135.923 
7830 136.06 
7835 136.198 
7840 136.336 
7845 136.474 
7850 136.612 
7855 136.75 
7860 136.888 
7865 137.026 
7870 137.164 
7875 137.302 
7880 137.44 
7885 137.578 
7890 137.717 
7895 137.855 
7900 137.993 
7905 138.131 
7910 138.269 
7915 138.408 
7920 138.546 
7925 138.684 
7930 138.823 
7935 138.961 
7940 139.099 
7945 139.238 
7950 139.376 
7955 139.515 
7960 139.654 
7965 139.792 
7970 139.931 
7975 140.07 
7980 140.209 
7985 140.347 
7990 140.486 
7995 140.625 
8000 140.764 
8005 140.903 
8010 141.042 
8015 141.182 
8020 141.321 
8025 141.46 
8030 141.599 
8035 141.738 
8040 141.878 
8045 142.017 
8050 142.157 
8055 142.296 
8060 142.436 
8065 142.575 
8070 142.715 
8075 142.854 
8080 142.994 
8085 143.134 
8090 143.273 
8095 143.413 
8100 143.553 
8105 143.693 
8110 143.833 
8115 143.973 
8120 144.113 
8125 144.253 
8130 144.393 
8135 144.534 
8140 144.674 
8145 144.814 
8150 144.955 
8155 145.095 
8160 145.235 
8165 145.376 
8170 145.517 
8175 145.657 
8180 145.798 
8185 145.939 
8190 146.08 
8195 146.221 
8200 146.362 
8205 146.503 
8210 146.644 
8215 146.785 
8220 146.926 
8225 147.067 
8230 147.208 
8235 147.35 
8240 147.491 
8245 147.633 
8250 147.774 
8255 147.916 
8260 148.057 
8265 148.199 
8270 148.341 
8275 148.483 
8280 148.624 
8285 148.766 
8290 148.908 
8295 149.05 
8300 149.192 
8305 149.335 
8310 149.477 
8315 149.619 
8320 149.761 
8325 149.904 
8330 150.046 
8335 150.189 
8340 150.331 
8345 150.474 
8350 150.616 
8355 150.759 
8360 150.901 
8365 151.044 
8370 151.187 
8375 151.33 
8380 151.473 
8385 151.616 
8390 151.758 
8395 151.902 
8400 152.045 
8405 152.188 
8410 152.331 
8415 152.474 
8420 152.617 
8425 152.761 
8430 152.904 
8435 153.047 
8440 153.191 
8445 153.334 
8450 153.478 
8455 153.622 
8460 153.765 
8465 153.909 
8470 154.053 
8475 154.197 
8480 154.341 
8485 154.485 
8490 154.629 
8495 154.773 
8500 154.917 
8505 155.062 
8510 155.206 
8515 155.35 
8520 155.495 
8525 155.639 
8530 155.784 
8535 155.929 
8540 156.073 
8545 156.218 
8550 156.363 
8555 156.508 
8560 156.653 
8565 156.798 
8570 156.943 
8575 157.088 
8580 157.233 
8585 157.379 
8590 157.524 
8595 157.669 
8600 157.815 
8605 157.96 
8610 158.106 
8615 158.252 
8620 158.397 
8625 158.543 
8630 158.689 
8635 158.835 
8640 158.981 
8645 159.127 
8650 159.273 
8655 159.419 
8660 159.565 
8665 159.711 
8670 159.857 
8675 160.004 
8680 160.15 
8685 160.296 
8690 160.443 
8695 160.589 
8700 160.736 
8705 160.883 
8710 161.029 
8715 161.176 
8720 161.323 
8725 161.47 
8730 161.616 
8735 161.763 
8740 161.91 
8745 162.057 
8750 162.204 
8755 162.352 
8760 162.499 
8765 162.646 
8770 162.793 
8775 162.941 
8780 163.088 
8785 163.236 
8790 163.383 
8795 163.531 
8800 163.679 
8805 163.826 
8810 163.974 
8815 164.122 
8820 164.27 
8825 164.418 
8830 164.566 
8835 164.715 
8840 164.863 
8845 165.011 
8850 165.16 
8855 165.308 
8860 165.456 
8865 165.605 
8870 165.754 
8875 165.902 
8880 166.051 
8885 166.2 
8890 166.349 
8895 166.498 
8900 166.646 
8905 166.795 
8910 166.944 
8915 167.093 
8920 167.242 
8925 167.392 
8930 167.541 
8935 167.69 
8940 167.839 
8945 167.989 
8950 168.138 
8955 168.288 
8960 168.437 
8965 168.587 
8970 168.736 
8975 168.886 
8980 169.035 
8985 169.185 
8990 169.335 
8995 169.484 
9000 169.634 
9005 169.784 
9010 169.934 
9015 170.084 
9020 170.233 
9025 170.383 
9030 170.534 
9035 170.684 
9040 170.834 
9045 170.984 
9050 171.135 
9055 171.285 
9060 171.435 
9065 171.586 
9070 171.736 
9075 171.887 
9080 172.038 
9085 172.189 
9090 172.339 
9095 172.49 
9100 172.641 
9105 172.792 
9110 172.943 
9115 173.094 
9120 173.245 
9125 173.397 
9130 173.548 
9135 173.699 
9140 173.851 
9145 174.002 
9150 174.154 
9155 174.305 
9160 174.457 
9165 174.609 
9170 174.76 
9175 174.912 
9180 175.064 
9185 175.216 
9190 175.368 
9195 175.52 
9200 175.672 
9205 175.824 
9210 175.976 
9215 176.129 
9220 176.281 
9225 176.433 
9230 176.586 
9235 176.738 
9240 176.891 
9245 177.043 
9250 177.196 
9255 177.348 
9260 177.501 
9265 177.654 
9270 177.807 
9275 177.959 
9280 178.112 
9285 178.265 
9290 178.418 
9295 178.571 
9300 178.724 
9305 178.877 
9310 179.03 
9315 179.183 
9320 179.337 
9325 179.49 
9330 179.643 
9335 179.797 
9340 179.95 
9345 180.104 
9350 180.257 
9355 180.411 
9360 180.565 
9365 180.718 
9370 180.872 
9375 181.026 
9380 181.18 
9385 181.334 
9390 181.488 
9395 181.642 
9400 181.796 
9405 181.95 
9410 182.104 
9415 182.259 
9420 182.413 
9425 182.568 
9430 182.722 
9435 182.877 
9440 183.031 
9445 183.186 
9450 183.341 
9455 183.496 
9460 183.651 
9465 183.806 
9470 183.961 
9475 184.116 
9480 184.271 
9485 184.426 
9490 184.581 
9495 184.736 
9500 184.892 
9505 185.047 
9510 185.202 
9515 185.358 
9520 185.513 
9525 185.669 
9530 185.825 
9535 185.98 
9540 186.136 
9545 186.292 
9550 186.448 
9555 186.604 
9560 186.76 
9565 186.916 
9570 187.072 
9575 187.229 
9580 187.385 
9585 187.541 
9590 187.698 
9595 187.855 
9600 188.011 
9605 188.168 
9610 188.325 
9615 188.482 
9620 188.639 
9625 188.796 
9630 188.953 
9635 189.11 
9640 189.268 
9645 189.425 
9650 189.582 
9655 189.74 
9660 189.897 
9665 190.055 
9670 190.213 
9675 190.371 
9680 190.529 
9685 190.687 
9690 190.845 
9695 191.003 
9700 191.161 
9705 191.319 
9710 191.478 
9715 191.636 
9720 191.795 
9725 191.953 
9730 192.112 
9735 192.271 
9740 192.43 
9745 192.589 
9750 192.748 
9755 192.907 
9760 193.066 
9765 193.225 
9770 193.385 
9775 193.544 
9780 193.704 
9785 193.863 
9790 194.023 
9795 194.183 
9800 194.343 
9805 194.503 
9810 194.663 
9815 194.823 
9820 194.983 
9825 195.143 
9830 195.303 
9835 195.464 
9840 195.624 
9845 195.784 
9850 195.945 
9855 196.106 
9860 196.266 
9865 196.427 
9870 196.588 
9875 196.749 
9880 196.91 
9885 197.071 
9890 197.232 
9895 197.393 
9900 197.554 
9905 197.716 
9910 197.877 
9915 198.039 
9920 198.2 
9925 198.362 
9930 198.524 
9935 198.686 
9940 198.847 
9945 199.009 
9950 199.172 
9955 199.334 
9960 199.496 
9965 199.658 
9970 199.821 
9975 199.983 
9980 200.146 
9985 200.308 
9990 200.471 
9995 200.634 
10000 200.796 
10005 200.959 
10010 201.122 
10015 201.285 
10020 201.448 
10025 201.611 
10030 201.774 
10035 201.938 
10040 202.101 
10045 202.264 
10050 202.427 
10055 202.59 
10060 202.754 
10065 202.917 
10070 203.08 
10075 203.244 
10080 203.407 
10085 203.571 
10090 203.734 
10095 203.898 
10100 204.061 
10105 204.225 
10110 204.388 
10115 204.552 
10120 204.716 
10125 204.879 
10130 205.043 
10135 205.207 
10140 205.371 
10145 205.535 
10150 205.699 
10155 205.863 
10160 206.027 
10165 206.192 
10170 206.356 
10175 206.52 
10180 206.684 
10185 206.849 
10190 207.013 
10195 207.178 
10200 207.342 
10205 207.507 
10210 207.671 
10215 207.836 
10220 208 
10225 208.165 
10230 208.33 
10235 208.495 
10240 208.66 
10245 208.824 
10250 208.989 
10255 209.154 
10260 209.319 
10265 209.484 
10270 209.649 
10275 209.814 
10280 209.979 
10285 210.145 
10290 210.31 
10295 210.475 
10300 210.64 
10305 210.806 
10310 210.971 
10315 211.136 
10320 211.302 
10325 211.467 
10330 211.633 
10335 211.798 
10340 211.964 
10345 212.13 
10350 212.295 
10355 212.461 
10360 212.627 
10365 212.793 
10370 212.959 
10375 213.125 
10380 213.291 
10385 213.457 
10390 213.623 
10395 213.789 
10400 213.956 
10405 214.122 
10410 214.288 
10415 214.455 
10420 214.621 
10425 214.788 
10430 214.955 
10435 215.121 
10440 215.288 
10445 215.455 
10450 215.622 
10455 215.789 
10460 215.956 
10465 216.124 
10470 216.291 
10475 216.458 
10480 216.626 
10485 216.793 
10490 216.961 
10495 217.129 
10500 217.297 
10505 217.464 
10510 217.632 
10515 217.8 
10520 217.969 
10525 218.137 
10530 218.305 
10535 218.473 
10540 218.642 
10545 218.81 
10550 218.979 
10555 219.148 
10560 219.316 
10565 219.485 
10570 219.654 
10575 219.823 
10580 219.992 
10585 220.161 
10590 220.33 
10595 220.5 
10600 220.669 
10605 220.838 
10610 221.008 
10615 221.177 
10620 221.347 
10625 221.516 
10630 221.686 
10635 221.856 
10640 222.025 
10645 222.195 
10650 222.365 
10655 222.535 
10660 222.705 
10665 222.875 
10670 223.045 
10675 223.215 
10680 223.385 
10685 223.556 
10690 223.726 
10695 223.896 
10700 224.067 
10705 224.237 
10710 224.408 
10715 224.579 
10720 224.749 
10725 224.92 
10730 225.091 
10735 225.262 
10740 225.433 
10745 225.604 
10750 225.775 
10755 225.946 
10760 226.117 
10765 226.288 
10770 226.459 
10775 226.631 
10780 226.802 
10785 226.974 
10790 227.146 
10795 227.317 
10800 227.489 
10805 227.661 
10810 227.833 
10815 228.005 
10820 228.177 
10825 228.349 
10830 228.521 
10835 228.694 
10840 228.866 
10845 229.039 
10850 229.212 
10855 229.384 
10860 229.557 
10865 229.73 
10870 229.903 
10875 230.076 
10880 230.249 
10885 230.423 
10890 230.596 
10895 230.769 
10900 230.943 
10905 231.116 
10910 231.29 
10915 231.464 
10920 231.638 
10925 231.812 
10930 231.986 
10935 232.16 
10940 232.334 
10945 232.508 
10950 232.683 
10955 232.857 
10960 233.032 
10965 233.206 
10970 233.381 
10975 233.556 
10980 233.73 
10985 233.905 
10990 234.08 
10995 234.255 
11000 234.431 
11005 234.606 
11010 234.781 
11015 234.957 
11020 235.132 
11025 235.308 
11030 235.483 
11035 235.659 
11040 235.835 
11045 236.011 
11050 236.186 
11055 236.362 
11060 236.539 
11065 236.715 
11070 236.891 
11075 237.067 
11080 237.244 
11085 237.42 
11090 237.597 
11095 237.773 
11100 237.95 
11105 238.127 
11110 238.303 
11115 238.48 
11120 238.657 
11125 238.834 
11130 239.011 
11135 239.188 
11140 239.365 
11145 239.542 
11150 239.72 
11155 239.897 
11160 240.074 
11165 240.252 
11170 240.429 
11175 240.607 
11180 240.785 
11185 240.962 
11190 241.14 
11195 241.318 
11200 241.496 
11205 241.674 
11210 241.852 
11215 242.03 
11220 242.209 
11225 242.387 
11230 242.566 
11235 242.744 
11240 242.923 
11245 243.101 
11250 243.28 
11255 243.459 
11260 243.637 
11265 243.816 
11270 243.995 
11275 244.174 
11280 244.353 
11285 244.533 
11290 244.712 
11295 244.891 
11300 245.071 
11305 245.25 
11310 245.43 
11315 245.609 
11320 245.789 
11325 245.969 
11330 246.148 
11335 246.328 
11340 246.508 
11345 246.688 
11350 246.868 
11355 247.049 
11360 247.229 
11365 247.409 
11370 247.59 
11375 247.77 
11380 247.951 
11385 248.131 
11390 248.312 
11395 248.493 
11400 248.674 
11405 248.854 
11410 249.035 
11415 249.216 
11420 249.397 
11425 249.578 
11430 249.76 
11435 249.941 
11440 250.122 
11445 250.304 
11450 250.485 
11455 250.667 
11460 250.848 
11465 251.03 
11470 251.212 
11475 251.394 
11480 251.575 
11485 251.757 
11490 251.939 
11495 252.122 
11500 252.304 
11505 252.486 
11510 252.668 
11515 252.851 
11520 253.033 
11525 253.216 
11530 253.399 
11535 253.581 
11540 253.764 
11545 253.947 
11550 254.13 
11555 254.313 
11560 254.496 
11565 254.68 
11570 254.863 
11575 255.046 
11580 255.23 
11585 255.413 
11590 255.597 
11595 255.78 
11600 255.964 
11605 256.148 
11610 256.332 
11615 256.516 
11620 256.7 
11625 256.885 
11630 257.069 
11635 257.253 
11640 257.438 
11645 257.623 
11650 257.807 
11655 257.992 
11660 258.177 
11665 258.362 
11670 258.547 
11675 258.732 
11680 258.918 
11685 259.103 
11690 259.288 
11695 259.474 
11700 259.659 
11705 259.845 
11710 260.031 
11715 260.217 
11720 260.402 
11725 260.588 
11730 260.774 
11735 260.961 
11740 261.147 
11745 261.333 
11750 261.519 
11755 261.706 
11760 261.892 
11765 262.079 
11770 262.266 
11775 262.453 
11780 262.64 
11785 262.826 
11790 263.014 
11795 263.201 
11800 263.388 
11805 263.575 
11810 263.762 
11815 263.949 
11820 264.137 
11825 264.324 
11830 264.512 
11835 264.699 
11840 264.887 
11845 265.075 
11850 265.263 
11855 265.451 
11860 265.639 
11865 265.827 
11870 266.015 
11875 266.203 
11880 266.391 
11885 266.58 
11890 266.768 
11895 266.957 
11900 267.146 
11905 267.334 
11910 267.523 
11915 267.712 
11920 267.901 
11925 268.09 
11930 268.279 
11935 268.468 
11940 268.658 
11945 268.847 
11950 269.036 
11955 269.226 
11960 269.415 
11965 269.605 
11970 269.794 
11975 269.984 
11980 270.173 
11985 270.363 
11990 270.553 
11995 270.742 
12000 270.932 
12005 271.122 
12010 271.311 
12015 271.501 
12020 271.691 
12025 271.881 
12030 272.071 
12035 272.261 
12040 272.451 
12045 272.641 
12050 272.831 
12055 273.021 
12060 273.211 
12065 273.401 
12070 273.592 
12075 273.782 
12080 273.973 
12085 274.163 
12090 274.354 
12095 274.545 
12100 274.736 
12105 274.927 
12110 275.118 
12115 275.309 
12120 275.5 
12125 275.692 
12130 275.883 
12135 276.075 
12140 276.267 
12145 276.459 
12150 276.652 
12155 276.844 
12160 277.036 
12165 277.229 
12170 277.421 
12175 277.614 
12180 277.807 
12185 278 
12190 278.193 
12195 278.386 
12200 278.579 
12205 278.772 
12210 278.965 
12215 279.159 
12220 279.352 
12225 279.545 
12230 279.739 
12235 279.932 
12240 280.126 
12245 280.32 
12250 280.514 
12255 280.708 
12260 280.902 
12265 281.096 
12270 281.29 
12275 281.484 
12280 281.679 
12285 281.873 
12290 282.068 
12295 282.262 
12300 282.457 
12305 282.652 
12310 282.847 
12315 283.042 
12320 283.237 
12325 283.432 
12330 283.627 
12335 283.822 
12340 284.017 
12345 284.213 
12350 284.408 
12355 284.604 
12360 284.799 
12365 284.995 
12370 285.191 
12375 285.387 
12380 285.583 
12385 285.779 
12390 285.975 
12395 286.172 
12400 286.368 
12405 286.565 
12410 286.762 
12415 286.958 
12420 287.155 
12425 287.352 
12430 287.549 
12435 287.746 
12440 287.943 
12445 288.141 
12450 288.338 
12455 288.536 
12460 288.733 
12465 288.931 
12470 289.128 
12475 289.326 
12480 289.524 
12485 289.722 
12490 289.92 
12495 290.119 
12500 290.317 
12505 290.515 
12510 290.714 
12515 290.913 
12520 291.111 
12525 291.31 
12530 291.509 
12535 291.708 
12540 291.907 
12545 292.106 
12550 292.305 
12555 292.504 
12560 292.704 
12565 292.903 
12570 293.102 
12575 293.302 
12580 293.501 
12585 293.701 
12590 293.901 
12595 294.1 
12600 294.3 
12605 294.5 
12610 294.7 
12615 294.9 
12620 295.1 
12625 295.301 
12630 295.501 
12635 295.702 
12640 295.903 
12645 296.103 
12650 296.304 
12655 296.505 
12660 296.706 
12665 296.907 
12670 297.108 
12675 297.31 
12680 297.511 
12685 297.712 
12690 297.914 
12695 298.115 
12700 298.316 
12705 298.518 
12710 298.719 
12715 298.921 
12720 299.123 
12725 299.325 
12730 299.527 
12735 299.729 
12740 299.931 
12745 300.133 
12750 300.335 
12755 300.537 
12760 300.74 
12765 300.942 
12770 301.145 
12775 301.348 
12780 301.55 
12785 301.753 
12790 301.956 
12795 302.159 
12800 302.363 
12805 302.566 
12810 302.769 
12815 302.973 
12820 303.177 
12825 303.38 
12830 303.584 
12835 303.788 
12840 303.992 
12845 304.196 
12850 304.401 
12855 304.605 
12860 304.81 
12865 305.014 
12870 305.219 
12875 305.424 
12880 305.629 
12885 305.834 
12890 306.039 
12895 306.244 
12900 306.45 
12905 306.655 
12910 306.861 
12915 307.066 
12920 307.272 
12925 307.478 
12930 307.684 
12935 307.89 
12940 308.096 
12945 308.303 
12950 308.509 
12955 308.715 
12960 308.922 
12965 309.128 
12970 309.335 
12975 309.542 
12980 309.749 
12985 309.956 
12990 310.163 
12995 310.37 
13000 310.577 
13005 310.785 
13010 310.992 
13015 311.2 
13020 311.407 
13025 311.615 
13030 311.823 
13035 312.031 
13040 312.239 
13045 312.447 
13050 312.655 
13055 312.864 
13060 313.072 
13065 313.281 
13070 313.49 
13075 313.698 
13080 313.907 
13085 314.116 
13090 314.326 
13095 314.535 
13100 314.744 
13105 314.954 
13110 315.163 
13115 315.373 
13120 315.583 
13125 315.792 
13130 316.002 
13135 316.212 
13140 316.422 
13145 316.632 
13150 316.843 
13155 317.053 
13160 317.263 
13165 317.473 
13170 317.684 
13175 317.894 
13180 318.104 
13185 318.315 
13190 318.526 
13195 318.736 
13200 318.947 
13205 319.158 
13210 319.369 
13215 319.58 
13220 319.792 
13225 320.003 
13230 320.214 
13235 320.426 
13240 320.637 
13245 320.849 
13250 321.061 
13255 321.272 
13260 321.484 
13265 321.696 
13270 321.908 
13275 322.12 
13280 322.332 
13285 322.544 
13290 322.756 
13295 322.969 
13300 323.181 
13305 323.394 
13310 323.607 
13315 323.82 
13320 324.033 
13325 324.246 
13330 324.459 
13335 324.672 
13340 324.885 
13345 325.099 
13350 325.312 
13355 325.526 
13360 325.74 
13365 325.954 
13370 326.168 
13375 326.382 
13380 326.596 
13385 326.811 
13390 327.025 
13395 327.24 
13400 327.455 
13405 327.669 
13410 327.884 
13415 328.099 
13420 328.314 
13425 328.529 
13430 328.745 
13435 328.96 
13440 329.175 
13445 329.391 
13450 329.606 
13455 329.822 
13460 330.038 
13465 330.254 
13470 330.469 
13475 330.685 
13480 330.902 
13485 331.118 
13490 331.334 
13495 331.551 
13500 331.767 
13505 331.984 
13510 332.201 
13515 332.418 
13520 332.635 
13525 332.852 
13530 333.069 
13535 333.286 
13540 333.503 
13545 333.721 
13550 333.939 
13555 334.156 
13560 334.374 
13565 334.592 
13570 334.81 
13575 335.029 
13580 335.247 
13585 335.466 
13590 335.684 
13595 335.903 
13600 336.122 
13605 336.341 
13610 336.56 
13615 336.78 
13620 336.999 
13625 337.218 
13630 337.438 
13635 337.657 
13640 337.877 
13645 338.096 
13650 338.316 
13655 338.536 
13660 338.756 
13665 338.976 
13670 339.196 
13675 339.416 
13680 339.636 
13685 339.856 
13690 340.077 
13695 340.297 
13700 340.517 
13705 340.738 
13710 340.959 
13715 341.179 
13720 341.4 
13725 341.621 
13730 341.842 
13735 342.063 
13740 342.284 
13745 342.506 
13750 342.727 
13755 342.948 
13760 343.169 
13765 343.391 
13770 343.612 
13775 343.833 
13780 344.055 
13785 344.277 
13790 344.498 
13795 344.72 
13800 344.942 
13805 345.164 
13810 345.386 
13815 345.608 
13820 345.83 
13825 346.053 
13830 346.275 
13835 346.498 
13840 346.72 
13845 346.943 
13850 347.166 
13855 347.389 
13860 347.612 
13865 347.835 
13870 348.058 
13875 348.282 
13880 348.505 
13885 348.729 
13890 348.952 
13895 349.176 
13900 349.4 
13905 349.624 
13910 349.848 
13915 350.072 
13920 350.296 
13925 350.52 
13930 350.745 
13935 350.969 
13940 351.194 
13945 351.419 
13950 351.643 
13955 351.868 
13960 352.093 
13965 352.318 
13970 352.544 
13975 352.769 
13980 352.994 
13985 353.22 
13990 353.445 
13995 353.671 
14000 353.897 
14005 354.123 
14010 354.349 
14015 354.575 
14020 354.801 
14025 355.028 
14030 355.254 
14035 355.481 
14040 355.707 
14045 355.934 
14050 356.161 
14055 356.388 
14060 356.616 
14065 356.843 
14070 357.071 
14075 357.298 
14080 357.526 
14085 357.754 
14090 357.982 
14095 358.21 
14100 358.438 
14105 358.666 
14110 358.895 
14115 359.123 
14120 359.352 
14125 359.581 
14130 359.81 
14135 360.038 
14140 360.268 
14145 360.497 
14150 360.726 
14155 360.955 
14160 361.185 
14165 361.414 
14170 361.644 
14175 361.873 
14180 362.103 
14185 362.333 
14190 362.563 
14195 362.793 
14200 363.023 
14205 363.253 
14210 363.484 
14215 363.714 
14220 363.944 
14225 364.175 
14230 364.406 
14235 364.636 
14240 364.867 
14245 365.098 
14250 365.329 
14255 365.56 
14260 365.792 
14265 366.023 
14270 366.255 
14275 366.486 
14280 366.718 
14285 366.95 
14290 367.182 
14295 367.414 
14300 367.646 
14305 367.878 
14310 368.11 
14315 368.343 
14320 368.575 
14325 368.808 
14330 369.041 
14335 369.273 
14340 369.506 
14345 369.74 
14350 369.973 
14355 370.206 
14360 370.44 
14365 370.673 
14370 370.907 
14375 371.141 
14380 371.375 
14385 371.609 
14390 371.844 
14395 372.078 
14400 372.313 
14405 372.547 
14410 372.782 
14415 373.017 
14420 373.252 
14425 373.487 
14430 373.722 
14435 373.957 
14440 374.193 
14445 374.428 
14450 374.664 
14455 374.899 
14460 375.135 
14465 375.37 
14470 375.606 
14475 375.842 
14480 376.078 
14485 376.314 
14490 376.55 
14495 376.786 
14500 377.022 
14505 377.258 
14510 377.494 
14515 377.731 
14520 377.967 
14525 378.203 
14530 378.44 
14535 378.676 
14540 378.913 
14545 379.15 
14550 379.386 
14555 379.623 
14560 379.86 
14565 380.097 
14570 380.335 
14575 380.572 
14580 380.809 
14585 381.047 
14590 381.284 
14595 381.522 
14600 381.76 
14605 381.998 
14610 382.236 
14615 382.474 
14620 382.713 
14625 382.951 
14630 383.189 
14635 383.428 
14640 383.667 
14645 383.905 
14650 384.144 
14655 384.383 
14660 384.622 
14665 384.861 
14670 385.101 
14675 385.34 
14680 385.579 
14685 385.819 
14690 386.058 
14695 386.298 
14700 386.538 
14705 386.778 
14710 387.018 
14715 387.258 
14720 387.498 
14725 387.738 
14730 387.979 
14735 388.219 
14740 388.46 
14745 388.7 
14750 388.941 
14755 389.182 
14760 389.423 
14765 389.664 
14770 389.905 
14775 390.147 
14780 390.388 
14785 390.63 
14790 390.872 
14795 391.114 
14800 391.356 
14805 391.598 
14810 391.84 
14815 392.082 
14820 392.325 
14825 392.567 
14830 392.81 
14835 393.053 
14840 393.296 
14845 393.539 
14850 393.782 
14855 394.025 
14860 394.269 
14865 394.512 
14870 394.756 
14875 395 
14880 395.243 
14885 395.487 
14890 395.731 
14895 395.976 
14900 396.22 
14905 396.464 
14910 396.709 
14915 396.953 
14920 397.198 
14925 397.443 
14930 397.688 
14935 397.933 
14940 398.178 
14945 398.423 
14950 398.668 
14955 398.913 
14960 399.159 
14965 399.404 
14970 399.65 
14975 399.895 
14980 400.141 
14985 400.387 
14990 400.633 
14995 400.878 
15000 401.125 
15005 401.371 
15010 401.617 
15015 401.863 
15020 402.11 
15025 402.357 
15030 402.604 
15035 402.85 
15040 403.097 
15045 403.344 
15050 403.592 
15055 403.839 
15060 404.086 
15065 404.334 
15070 404.582 
15075 404.829 
15080 405.077 
15085 405.325 
15090 405.573 
15095 405.822 
15100 406.07 
15105 406.319 
15110 406.568 
15115 406.816 
15120 407.065 
15125 407.315 
15130 407.564 
15135 407.813 
15140 408.063 
15145 408.312 
15150 408.562 
15155 408.812 
15160 409.062 
15165 409.312 
15170 409.562 
15175 409.812 
15180 410.063 
15185 410.313 
15190 410.564 
15195 410.815 
15200 411.065 
15205 411.317 
15210 411.568 
15215 411.819 
15220 412.07 
15225 412.322 
15230 412.573 
15235 412.825 
15240 413.077 
15245 413.329 
15250 413.581 
15255 413.833 
15260 414.085 
15265 414.337 
15270 414.59 
15275 414.842 
15280 415.095 
15285 415.347 
15290 415.6 
15295 415.853 
15300 416.106 
15305 416.359 
15310 416.612 
15315 416.865 
15320 417.119 
15325 417.372 
15330 417.626 
15335 417.879 
15340 418.133 
15345 418.387 
15350 418.641 
15355 418.895 
15360 419.149 
15365 419.403 
15370 419.657 
15375 419.912 
15380 420.166 
15385 420.42 
15390 420.675 
15395 420.93 
15400 421.184 
15405 421.439 
15410 421.694 
15415 421.949 
15420 422.204 
15425 422.46 
15430 422.715 
15435 422.971 
15440 423.226 
15445 423.482 
15450 423.738 
15455 423.994 
15460 424.25 
15465 424.506 
15470 424.762 
15475 425.019 
15480 425.275 
15485 425.532 
15490 425.789 
15495 426.046 
15500 426.303 
15505 426.561 
15510 426.818 
15515 427.075 
15520 427.333 
15525 427.591 
15530 427.848 
15535 428.106 
15540 428.364 
15545 428.623 
15550 428.881 
15555 429.139 
15560 429.398 
15565 429.656 
15570 429.915 
15575 430.174 
15580 430.433 
15585 430.692 
15590 430.951 
15595 431.21 
15600 431.469 
15605 431.729 
15610 431.988 
15615 432.248 
15620 432.508 
15625 432.768 
15630 433.028 
15635 433.288 
15640 433.548 
15645 433.809 
15650 434.069 
15655 434.33 
15660 434.591 
15665 434.852 
15670 435.113 
15675 435.374 
15680 435.635 
15685 435.896 
15690 436.158 
15695 436.42 
15700 436.681 
15705 436.943 
15710 437.205 
15715 437.467 
15720 437.73 
15725 437.992 
15730 438.255 
15735 438.517 
15740 438.78 
15745 439.043 
15750 439.306 
15755 439.569 
15760 439.833 
15765 440.096 
15770 440.36 
15775 440.623 
15780 440.887 
15785 441.151 
15790 441.415 
15795 441.679 
15800 441.943 
15805 442.208 
15810 442.472 
15815 442.737 
15820 443.002 
15825 443.267 
15830 443.532 
15835 443.797 
15840 444.062 
15845 444.328 
15850 444.593 
15855 444.859 
15860 445.125 
15865 445.391 
15870 445.657 
15875 445.923 
15880 446.189 
15885 446.456 
15890 446.722 
15895 446.989 
15900 447.256 
15905 447.523 
15910 447.79 
15915 448.057 
15920 448.325 
15925 448.592 
15930 448.86 
15935 449.128 
15940 449.396 
15945 449.664 
15950 449.933 
15955 450.201 
15960 450.47 
15965 450.739 
15970 451.008 
15975 451.277 
15980 451.546 
15985 451.816 
15990 452.085 
15995 452.355 
16000 452.625 
16005 452.895 
16010 453.165 
16015 453.435 
16020 453.706 
16025 453.976 
16030 454.247 
16035 454.518 
16040 454.789 
16045 455.06 
16050 455.331 
16055 455.603 
16060 455.874 
16065 456.146 
16070 456.418 
16075 456.689 
16080 456.962 
16085 457.234 
16090 457.506 
16095 457.778 
16100 458.051 
16105 458.324 
16110 458.597 
16115 458.87 
16120 459.143 
16125 459.416 
16130 459.689 
16135 459.963 
16140 460.237 
16145 460.511 
16150 460.785 
16155 461.059 
16160 461.333 
16165 461.608 
16170 461.883 
16175 462.157 
16180 462.432 
16185 462.707 
16190 462.983 
16195 463.258 
16200 463.533 
16205 463.809 
16210 464.085 
16215 464.361 
16220 464.637 
16225 464.913 
16230 465.189 
16235 465.465 
16240 465.742 
16245 466.018 
16250 466.295 
16255 466.572 
16260 466.849 
16265 467.126 
16270 467.403 
16275 467.681 
16280 467.958 
16285 468.236 
16290 468.513 
16295 468.791 
16300 469.069 
16305 469.348 
16310 469.626 
16315 469.905 
16320 470.183 
16325 470.462 
16330 470.741 
16335 471.02 
16340 471.299 
16345 471.578 
16350 471.858 
16355 472.137 
16360 472.416 
16365 472.696 
16370 472.976 
16375 473.255 
16380 473.535 
16385 473.815 
16390 474.095 
16395 474.376 
16400 474.656 
16405 474.936 
16410 475.217 
16415 475.498 
16420 475.778 
16425 476.059 
16430 476.34 
16435 476.622 
16440 476.903 
16445 477.185 
16450 477.466 
16455 477.748 
16460 478.03 
16465 478.312 
16470 478.594 
16475 478.877 
16480 479.159 
16485 479.442 
16490 479.725 
16495 480.008 
16500 480.291 
16505 480.574 
16510 480.857 
16515 481.141 
16520 481.425 
16525 481.708 
16530 481.992 
16535 482.276 
16540 482.561 
16545 482.845 
16550 483.13 
16555 483.414 
16560 483.699 
16565 483.984 
16570 484.27 
16575 484.555 
16580 484.84 
16585 485.126 
16590 485.412 
16595 485.698 
16600 485.984 
16605 486.27 
16610 486.556 
16615 486.842 
16620 487.129 
16625 487.416 
16630 487.702 
16635 487.989 
16640 488.276 
16645 488.563 
16650 488.85 
16655 489.138 
16660 489.425 
16665 489.713 
16670 490 
16675 490.288 
16680 490.576 
16685 490.864 
16690 491.152 
16695 491.44 
16700 491.729 
16705 492.017 
16710 492.306 
16715 492.595 
16720 492.884 
16725 493.173 
16730 493.462 
16735 493.751 
16740 494.041 
16745 494.33 
16750 494.62 
16755 494.91 
16760 495.2 
16765 495.49 
16770 495.78 
16775 496.071 
16780 496.361 
16785 496.652 
16790 496.943 
16795 497.234 
16800 497.526 
16805 497.817 
16810 498.109 
16815 498.4 
16820 498.692 
16825 498.984 
16830 499.276 
16835 499.568 
16840 499.861 
16845 500.153 
16850 500.446 
16855 500.738 
16860 501.031 
16865 501.324 
16870 501.617 
16875 501.91 
16880 502.204 
16885 502.497 
16890 502.791 
16895 503.085 
16900 503.378 
16905 503.672 
16910 503.966 
16915 504.26 
16920 504.554 
16925 504.849 
16930 505.143 
16935 505.438 
16940 505.732 
16945 506.027 
16950 506.322 
16955 506.617 
16960 506.912 
16965 507.208 
16970 507.503 
16975 507.799 
16980 508.095 
16985 508.391 
16990 508.687 
16995 508.984 
17000 509.28 
17005 509.577 
17010 509.874 
17015 510.171 
17020 510.468 
17025 510.765 
17030 511.063 
17035 511.36 
17040 511.658 
17045 511.956 
17050 512.254 
17055 512.552 
17060 512.85 
17065 513.148 
17070 513.447 
17075 513.746 
17080 514.044 
17085 514.343 
17090 514.642 
17095 514.942 
17100 515.241 
17105 515.54 
17110 515.84 
17115 516.14 
17120 516.439 
17125 516.739 
17130 517.039 
17135 517.34 
17140 517.64 
17145 517.94 
17150 518.241 
17155 518.542 
17160 518.843 
17165 519.144 
17170 519.445 
17175 519.746 
17180 520.047 
17185 520.348 
17190 520.65 
17195 520.951 
17200 521.253 
17205 521.555 
17210 521.857 
17215 522.159 
17220 522.462 
17225 522.764 
17230 523.067 
17235 523.37 
17240 523.672 
17245 523.976 
17250 524.279 
17255 524.582 
17260 524.885 
17265 525.189 
17270 525.493 
17275 525.796 
17280 526.1 
17285 526.404 
17290 526.709 
17295 527.013 
17300 527.318 
17305 527.622 
17310 527.927 
17315 528.232 
17320 528.537 
17325 528.842 
17330 529.147 
17335 529.453 
17340 529.758 
17345 530.064 
17350 530.37 
17355 530.676 
17360 530.982 
17365 531.289 
17370 531.595 
17375 531.902 
17380 532.209 
17385 532.516 
17390 532.823 
17395 533.13 
17400 533.438 
17405 533.746 
17410 534.053 
17415 534.361 
17420 534.669 
17425 534.978 
17430 535.286 
17435 535.595 
17440 535.903 
17445 536.212 
17450 536.521 
17455 536.83 
17460 537.139 
17465 537.449 
17470 537.758 
17475 538.068 
17480 538.378 
17485 538.688 
17490 538.998 
17495 539.308 
17500 539.619 
17505 539.929 
17510 540.24 
17515 540.551 
17520 540.862 
17525 541.173 
17530 541.484 
17535 541.796 
17540 542.107 
17545 542.418 
17550 542.73 
17555 543.042 
17560 543.353 
17565 543.665 
17570 543.977 
17575 544.29 
17580 544.602 
17585 544.915 
17590 545.227 
17595 545.54 
17600 545.853 
17605 546.166 
17610 546.48 
17615 546.793 
17620 547.107 
17625 547.42 
17630 547.734 
17635 548.048 
17640 548.362 
17645 548.676 
17650 548.991 
17655 549.305 
17660 549.62 
17665 549.934 
17670 550.249 
17675 550.564 
17680 550.88 
17685 551.195 
17690 551.51 
17695 551.826 
17700 552.142 
17705 552.458 
17710 552.774 
17715 553.09 
17720 553.406 
17725 553.722 
17730 554.039 
17735 554.355 
17740 554.672 
17745 554.988 
17750 555.305 
17755 555.622 
17760 555.939 
17765 556.256 
17770 556.573 
17775 556.89 
17780 557.208 
17785 557.525 
17790 557.843 
17795 558.161 
17800 558.479 
17805 558.797 
17810 559.115 
17815 559.433 
17820 559.752 
17825 560.071 
17830 560.389 
17835 560.708 
17840 561.028 
17845 561.347 
17850 561.666 
17855 561.986 
17860 562.306 
17865 562.626 
17870 562.946 
17875 563.266 
17880 563.586 
17885 563.907 
17890 564.227 
17895 564.548 
17900 564.869 
17905 565.19 
17910 565.511 
17915 565.832 
17920 566.154 
17925 566.475 
17930 566.797 
17935 567.119 
17940 567.441 
17945 567.763 
17950 568.086 
17955 568.408 
17960 568.731 
17965 569.054 
17970 569.376 
17975 569.699 
17980 570.023 
17985 570.346 
17990 570.669 
17995 570.993 
18000 571.316 
18005 571.64 
18010 571.964 
18015 572.288 
18020 572.612 
18025 572.936 
18030 573.261 
18035 573.585 
18040 573.909 
18045 574.234 
18050 574.559 
18055 574.884 
18060 575.209 
18065 575.534 
18070 575.859 
18075 576.185 
18080 576.51 
18085 576.836 
18090 577.162 
18095 577.487 
18100 577.813 
18105 578.139 
18110 578.465 
18115 578.792 
18120 579.118 
18125 579.445 
18130 579.772 
18135 580.099 
18140 580.426 
18145 580.753 
18150 581.081 
18155 581.408 
18160 581.736 
18165 582.063 
18170 582.391 
18175 582.719 
18180 583.048 
18185 583.376 
18190 583.705 
18195 584.034 
18200 584.362 
18205 584.691 
18210 585.021 
18215 585.35 
18220 585.679 
18225 586.009 
18230 586.339 
18235 586.669 
18240 586.999 
18245 587.329 
18250 587.659 
18255 587.989 
18260 588.319 
18265 588.65 
18270 588.98 
18275 589.311 
18280 589.642 
18285 589.973 
18290 590.304 
18295 590.635 
18300 590.966 
18305 591.297 
18310 591.629 
18315 591.96 
18320 592.292 
18325 592.623 
18330 592.955 
18335 593.287 
18340 593.619 
18345 593.951 
18350 594.284 
18355 594.616 
18360 594.948 
18365 595.281 
18370 595.614 
18375 595.946 
18380 596.279 
18385 596.612 
18390 596.945 
18395 597.279 
18400 597.612 
18405 597.945 
18410 598.279 
18415 598.613 
18420 598.947 
18425 599.28 
18430 599.614 
18435 599.949 
18440 600.283 
18445 600.617 
18450 600.952 
18455 601.286 
18460 601.621 
18465 601.956 
18470 602.291 
18475 602.626 
18480 602.962 
18485 603.297 
18490 603.633 
18495 603.968 
18500 604.304 
18505 604.64 
18510 604.977 
18515 605.313 
18520 605.649 
18525 605.986 
18530 606.322 
18535 606.659 
18540 606.996 
18545 607.333 
18550 607.67 
18555 608.007 
18560 608.345 
18565 608.682 
18570 609.02 
18575 609.357 
18580 609.695 
18585 610.033 
18590 610.371 
18595 610.709 
18600 611.047 
18605 611.385 
18610 611.723 
18615 612.062 
18620 612.401 
18625 612.74 
18630 613.079 
18635 613.418 
18640 613.757 
18645 614.096 
18650 614.436 
18655 614.776 
18660 615.116 
18665 615.456 
18670 615.796 
18675 616.136 
18680 616.476 
18685 616.817 
18690 617.158 
18695 617.498 
18700 617.839 
18705 618.18 
18710 618.522 
18715 618.863 
18720 619.204 
18725 619.546 
18730 619.887 
18735 620.229 
18740 620.571 
18745 620.913 
18750 621.256 
18755 621.598 
18760 621.94 
18765 622.283 
18770 622.626 
18775 622.968 
18780 623.311 
18785 623.654 
18790 623.997 
18795 624.34 
18800 624.684 
18805 625.027 
18810 625.37 
18815 625.714 
18820 626.058 
18825 626.401 
18830 626.745 
18835 627.089 
18840 627.433 
18845 627.777 
18850 628.122 
18855 628.466 
18860 628.811 
18865 629.155 
18870 629.5 
18875 629.844 
18880 630.189 
18885 630.534 
18890 630.879 
18895 631.224 
18900 631.569 
18905 631.914 
18910 632.259 
18915 632.605 
18920 632.95 
18925 633.295 
18930 633.641 
18935 633.987 
18940 634.332 
18945 634.678 
18950 635.024 
18955 635.37 
18960 635.716 
18965 636.062 
18970 636.409 
18975 636.755 
18980 637.101 
18985 637.448 
18990 637.795 
18995 638.141 
19000 638.488 
19005 638.835 
19010 639.183 
19015 639.53 
19020 639.877 
19025 640.225 
19030 640.573 
19035 640.92 
19040 641.268 
19045 641.617 
19050 641.965 
19055 642.313 
19060 642.662 
19065 643.01 
19070 643.359 
19075 643.708 
19080 644.057 
19085 644.406 
19090 644.755 
19095 645.105 
19100 645.454 
19105 645.804 
19110 646.153 
19115 646.503 
19120 646.853 
19125 647.203 
19130 647.553 
19135 647.903 
19140 648.254 
19145 648.604 
19150 648.955 
19155 649.305 
19160 649.656 
19165 650.007 
19170 650.358 
19175 650.709 
19180 651.06 
19185 651.411 
19190 651.763 
19195 652.114 
19200 652.466 
19205 652.818 
19210 653.17 
19215 653.522 
19220 653.875 
19225 654.227 
19230 654.58 
19235 654.932 
19240 655.285 
19245 655.638 
19250 655.991 
19255 656.344 
19260 656.697 
19265 657.05 
19270 657.403 
19275 657.757 
19280 658.11 
19285 658.463 
19290 658.817 
19295 659.171 
19300 659.524 
19305 659.878 
19310 660.232 
19315 660.586 
19320 660.94 
19325 661.294 
19330 661.648 
19335 662.002 
19340 662.357 
19345 662.711 
19350 663.066 
19355 663.421 
19360 663.775 
19365 664.13 
19370 664.485 
19375 664.84 
19380 665.196 
19385 665.551 
19390 665.906 
19395 666.262 
19400 666.617 
19405 666.973 
19410 667.329 
19415 667.685 
19420 668.041 
19425 668.397 
19430 668.753 
19435 669.109 
19440 669.466 
19445 669.822 
19450 670.179 
19455 670.536 
19460 670.893 
19465 671.25 
19470 671.607 
19475 671.965 
19480 672.322 
19485 672.68 
19490 673.037 
19495 673.395 
19500 673.753 
19505 674.112 
19510 674.47 
19515 674.828 
19520 675.187 
19525 675.546 
19530 675.905 
19535 676.264 
19540 676.623 
19545 676.982 
19550 677.342 
19555 677.701 
19560 678.061 
19565 678.421 
19570 678.781 
19575 679.142 
19580 679.502 
19585 679.863 
19590 680.223 
19595 680.584 
19600 680.945 
19605 681.307 
19610 681.668 
19615 682.029 
19620 682.391 
19625 682.752 
19630 683.114 
19635 683.476 
19640 683.838 
19645 684.199 
19650 684.561 
19655 684.924 
19660 685.286 
19665 685.648 
19670 686.011 
19675 686.373 
19680 686.736 
19685 687.099 
19690 687.462 
19695 687.825 
19700 688.188 
19705 688.551 
19710 688.915 
19715 689.278 
19720 689.642 
19725 690.006 
19730 690.37 
19735 690.734 
19740 691.098 
19745 691.462 
19750 691.826 
19755 692.191 
19760 692.555 
19765 692.92 
19770 693.285 
19775 693.65 
19780 694.015 
19785 694.38 
19790 694.746 
19795 695.111 
19800 695.477 
19805 695.843 
19810 696.209 
19815 696.575 
19820 696.941 
19825 697.308 
19830 697.674 
19835 698.041 
19840 698.408 
19845 698.776 
19850 699.143 
19855 699.51 
19860 699.878 
19865 700.246 
19870 700.614 
19875 700.982 
19880 701.35 
19885 701.718 
19890 702.086 
19895 702.455 
19900 702.823 
19905 703.192 
19910 703.56 
19915 703.929 
19920 704.298 
19925 704.667 
19930 705.036 
19935 705.405 
19940 705.775 
19945 706.144 
19950 706.513 
19955 706.883 
19960 707.253 
19965 707.622 
19970 707.992 
19975 708.362 
19980 708.732 
19985 709.102 
19990 709.472 
19995 709.842 
20000 710.212 
20005 710.583 
20010 710.953 
20015 711.324 
20020 711.694 
20025 712.065 
20030 712.436 
20035 712.807 
20040 713.178 
20045 713.549 
20050 713.921 
20055 714.292 
20060 714.663 
20065 715.035 
20070 715.406 
20075 715.778 
20080 716.15 
20085 716.521 
20090 716.893 
20095 717.266 
20100 717.638 
20105 718.011 
20110 718.383 
20115 718.756 
20120 719.129 
20125 719.502 
20130 719.875 
20135 720.248 
20140 720.622 
20145 720.995 
20150 721.369 
20155 721.743 
20160 722.117 
20165 722.491 
20170 722.865 
20175 723.24 
20180 723.614 
20185 723.989 
20190 724.364 
20195 724.739 
20200 725.115 
20205 725.49 
20210 725.866 
20215 726.241 
20220 726.617 
20225 726.993 
20230 727.369 
20235 727.745 
20240 728.121 
20245 728.498 
20250 728.874 
20255 729.251 
20260 729.628 
20265 730.005 
20270 730.382 
20275 730.759 
20280 731.136 
20285 731.514 
20290 731.892 
20295 732.27 
20300 732.648 
20305 733.026 
20310 733.404 
20315 733.783 
20320 734.162 
20325 734.541 
20330 734.919 
20335 735.298 
20340 735.678 
20345 736.057 
20350 736.436 
20355 736.816 
20360 737.195 
20365 737.575 
20370 737.955 
20375 738.335 
20380 738.715 
20385 739.095 
20390 739.475 
20395 739.856 
20400 740.237 
20405 740.618 
20410 740.999 
20415 741.38 
20420 741.761 
20425 742.143 
20430 742.525 
20435 742.907 
20440 743.289 
20445 743.671 
20450 744.053 
20455 744.436 
20460 744.819 
20465 745.202 
20470 745.585 
20475 745.968 
20480 746.351 
20485 746.735 
20490 747.119 
20495 747.502 
20500 747.886 
20505 748.271 
20510 748.655 
20515 749.039 
20520 749.424 
20525 749.809 
20530 750.194 
20535 750.579 
20540 750.964 
20545 751.35 
20550 751.735 
20555 752.121 
20560 752.507 
20565 752.893 
20570 753.279 
20575 753.666 
20580 754.052 
20585 754.439 
20590 754.825 
20595 755.212 
20600 755.599 
20605 755.987 
20610 756.374 
20615 756.762 
20620 757.149 
20625 757.537 
20630 757.925 
20635 758.313 
20640 758.702 
20645 759.09 
20650 759.478 
20655 759.867 
20660 760.256 
20665 760.645 
20670 761.034 
20675 761.423 
20680 761.812 
20685 762.202 
20690 762.591 
20695 762.981 
20700 763.371 
20705 763.761 
20710 764.151 
20715 764.541 
20720 764.932 
20725 765.322 
20730 765.713 
20735 766.104 
20740 766.495 
20745 766.886 
20750 767.278 
20755 767.669 
20760 768.061 
20765 768.453 
20770 768.844 
20775 769.236 
20780 769.628 
20785 770.021 
20790 770.413 
20795 770.805 
20800 771.198 
20805 771.59 
20810 771.983 
20815 772.376 
20820 772.769 
20825 773.162 
20830 773.555 
20835 773.948 
20840 774.341 
20845 774.735 
20850 775.128 
20855 775.522 
20860 775.916 
20865 776.31 
20870 776.704 
20875 777.098 
20880 777.493 
20885 777.887 
20890 778.282 
20895 778.677 
20900 779.072 
20905 779.467 
20910 779.862 
20915 780.257 
20920 780.652 
20925 781.048 
20930 781.444 
20935 781.839 
20940 782.235 
20945 782.631 
20950 783.027 
20955 783.424 
20960 783.82 
20965 784.217 
20970 784.613 
20975 785.01 
20980 785.407 
20985 785.804 
20990 786.202 
20995 786.599 
21000 786.997 
21005 787.395 
21010 787.793 
21015 788.191 
21020 788.589 
21025 788.988 
21030 789.386 
21035 789.785 
21040 790.183 
21045 790.582 
21050 790.981 
21055 791.38 
21060 791.779 
21065 792.178 
21070 792.577 
21075 792.976 
21080 793.375 
21085 793.775 
21090 794.174 
21095 794.574 
21100 794.974 
21105 795.374 
21110 795.774 
21115 796.174 
21120 796.574 
21125 796.975 
21130 797.375 
21135 797.776 
21140 798.177 
21145 798.578 
21150 798.979 
21155 799.38 
21160 799.781 
21165 800.182 
21170 800.584 
21175 800.986 
21180 801.387 
21185 801.789 
21190 802.192 
21195 802.594 
21200 802.996 
21205 803.399 
21210 803.802 
21215 804.204 
21220 804.607 
21225 805.01 
21230 805.413 
21235 805.817 
21240 806.22 
21245 806.623 
21250 807.027 
21255 807.43 
21260 807.834 
21265 808.238 
21270 808.642 
21275 809.046 
21280 809.45 
21285 809.854 
21290 810.258 
21295 810.662 
21300 811.067 
21305 811.471 
21310 811.876 
21315 812.281 
21320 812.686 
21325 813.092 
21330 813.497 
21335 813.903 
21340 814.308 
21345 814.714 
21350 815.12 
21355 815.526 
21360 815.932 
21365 816.338 
21370 816.744 
21375 817.151 
21380 817.557 
21385 817.964 
21390 818.371 
21395 818.777 
21400 819.184 
21405 819.592 
21410 819.999 
21415 820.406 
21420 820.814 
21425 821.221 
21430 821.629 
21435 822.037 
21440 822.446 
21445 822.854 
21450 823.262 
21455 823.671 
21460 824.08 
21465 824.488 
21470 824.897 
21475 825.307 
21480 825.716 
21485 826.125 
21490 826.535 
21495 826.945 
21500 827.354 
21505 827.764 
21510 828.174 
21515 828.585 
21520 828.995 
21525 829.406 
21530 829.816 
21535 830.227 
21540 830.638 
21545 831.049 
21550 831.461 
21555 831.872 
21560 832.284 
21565 832.696 
21570 833.108 
21575 833.52 
21580 833.932 
21585 834.344 
21590 834.757 
21595 835.17 
21600 835.583 
21605 835.996 
21610 836.409 
21615 836.822 
21620 837.235 
21625 837.649 
21630 838.063 
21635 838.476 
21640 838.891 
21645 839.305 
21650 839.719 
21655 840.134 
21660 840.549 
21665 840.964 
21670 841.379 
21675 841.795 
21680 842.21 
21685 842.626 
21690 843.042 
21695 843.459 
21700 843.875 
21705 844.292 
21710 844.709 
21715 845.126 
21720 845.543 
21725 845.96 
21730 846.378 
21735 846.796 
21740 847.214 
21745 847.632 
21750 848.05 
21755 848.469 
21760 848.887 
21765 849.306 
21770 849.725 
21775 850.144 
21780 850.563 
21785 850.982 
21790 851.402 
21795 851.821 
21800 852.241 
21805 852.661 
21810 853.081 
21815 853.502 
21820 853.922 
21825 854.343 
21830 854.763 
21835 855.184 
21840 855.606 
21845 856.027 
21850 856.448 
21855 856.87 
21860 857.291 
21865 857.713 
21870 858.135 
21875 858.558 
21880 858.98 
21885 859.402 
21890 859.825 
21895 860.248 
21900 860.671 
21905 861.094 
21910 861.518 
21915 861.941 
21920 862.365 
21925 862.789 
21930 863.212 
21935 863.637 
21940 864.061 
21945 864.485 
21950 864.91 
21955 865.334 
21960 865.759 
21965 866.184 
21970 866.609 
21975 867.035 
21980 867.46 
21985 867.886 
21990 868.312 
21995 868.738 
22000 869.164 
22005 869.591 
22010 870.018 
22015 870.445 
22020 870.872 
22025 871.299 
22030 871.727 
22035 872.154 
22040 872.582 
22045 873.01 
22050 873.438 
22055 873.866 
22060 874.295 
22065 874.724 
22070 875.153 
22075 875.582 
22080 876.011 
22085 876.441 
22090 876.87 
22095 877.3 
22100 877.73 
22105 878.161 
22110 878.591 
22115 879.022 
22120 879.453 
22125 879.884 
22130 880.315 
22135 880.746 
22140 881.178 
22145 881.609 
22150 882.041 
22155 882.473 
22160 882.906 
22165 883.338 
22170 883.771 
22175 884.203 
22180 884.636 
22185 885.069 
22190 885.502 
22195 885.936 
22200 886.369 
22205 886.803 
22210 887.237 
22215 887.671 
22220 888.105 
22225 888.539 
22230 888.974 
22235 889.409 
22240 889.843 
22245 890.278 
22250 890.713 
22255 891.148 
22260 891.584 
22265 892.019 
22270 892.455 
22275 892.89 
22280 893.326 
22285 893.762 
22290 894.198 
22295 894.634 
22300 895.07 
22305 895.507 
22310 895.943 
22315 896.38 
22320 896.816 
22325 897.253 
22330 897.69 
22335 898.128 
22340 898.565 
22345 899.002 
22350 899.44 
22355 899.877 
22360 900.315 
22365 900.753 
22370 901.191 
22375 901.629 
22380 902.067 
22385 902.505 
22390 902.943 
22395 903.382 
22400 903.821 
22405 904.259 
22410 904.698 
22415 905.137 
22420 905.577 
22425 906.016 
22430 906.455 
22435 906.895 
22440 907.334 
22445 907.774 
22450 908.214 
22455 908.654 
22460 909.094 
22465 909.534 
22470 909.975 
22475 910.415 
22480 910.855 
22485 911.296 
22490 911.736 
22495 912.176 
22500 912.617 
22505 913.058 
22510 913.499 
22515 913.939 
22520 914.38 
22525 914.821 
22530 915.263 
22535 915.704 
22540 916.145 
22545 916.587 
22550 917.028 
22555 917.47 
22560 917.911 
22565 918.353 
22570 918.794 
22575 919.236 
22580 919.678 
22585 920.12 
22590 920.561 
22595 921.003 
22600 921.446 
22605 921.888 
22610 922.33 
22615 922.772 
22620 923.215 
22625 923.658 
22630 924.101 
22635 924.544 
22640 924.987 
22645 925.43 
22650 925.874 
22655 926.317 
22660 926.761 
22665 927.205 
22670 927.649 
22675 928.094 
22680 928.538 
22685 928.983 
22690 929.427 
22695 929.872 
22700 930.317 
22705 930.762 
22710 931.208 
22715 931.653 
22720 932.099 
22725 932.545 
22730 932.991 
22735 933.437 
22740 933.883 
22745 934.33 
22750 934.776 
22755 935.223 
22760 935.67 
22765 936.117 
22770 936.564 
22775 937.011 
22780 937.458 
22785 937.905 
22790 938.353 
22795 938.801 
22800 939.249 
22805 939.697 
22810 940.145 
22815 940.594 
22820 941.042 
22825 941.491 
22830 941.94 
22835 942.39 
22840 942.839 
22845 943.288 
22850 943.738 
22855 944.188 
22860 944.638 
22865 945.088 
22870 945.539 
22875 945.989 
22880 946.44 
22885 946.891 
22890 947.343 
22895 947.794 
22900 948.246 
22905 948.698 
22910 949.15 
22915 949.602 
22920 950.054 
22925 950.507 
22930 950.96 
22935 951.413 
22940 951.866 
22945 952.319 
22950 952.773 
22955 953.226 
22960 953.68 
22965 954.134 
22970 954.588 
22975 955.042 
22980 955.496 
22985 955.951 
22990 956.406 
22995 956.861 
23000 957.316 
23005 957.771 
23010 958.226 
23015 958.682 
23020 959.138 
23025 959.594 
23030 960.05 
23035 960.506 
23040 960.963 
23045 961.42 
23050 961.876 
23055 962.334 
23060 962.791 
23065 963.248 
23070 963.706 
23075 964.164 
23080 964.621 
23085 965.08 
23090 965.538 
23095 965.996 
23100 966.455 
23105 966.914 
23110 967.373 
23115 967.832 
23120 968.291 
23125 968.75 
23130 969.21 
23135 969.67 
23140 970.13 
23145 970.59 
23150 971.05 
23155 971.511 
23160 971.972 
23165 972.433 
23170 972.894 
23175 973.355 
23180 973.817 
23185 974.278 
23190 974.74 
23195 975.202 
23200 975.664 
23205 976.126 
23210 976.589 
23215 977.051 
23220 977.514 
23225 977.976 
23230 978.439 
23235 978.902 
23240 979.365 
23245 979.829 
23250 980.292 
23255 980.755 
23260 981.219 
23265 981.682 
23270 982.146 
23275 982.61 
23280 983.074 
23285 983.539 
23290 984.003 
23295 984.468 
23300 984.932 
23305 985.397 
23310 985.862 
23315 986.328 
23320 986.793 
23325 987.259 
23330 987.725 
23335 988.191 
23340 988.657 
23345 989.124 
23350 989.59 
23355 990.057 
23360 990.524 
23365 990.991 
23370 991.459 
23375 991.926 
23380 992.394 
23385 992.862 
23390 993.33 
23395 993.798 
23400 994.267 
23405 994.735 
23410 995.204 
23415 995.673 
23420 996.142 
23425 996.611 
23430 997.081 
23435 997.55 
23440 998.02 
23445 998.49 
23450 998.96 
23455 999.43 
23460 999.901 
23465 1000.37 
23470 1000.84 
23475 1001.31 
23480 1001.78 
23485 1002.26 
23490 1002.73 
23495 1003.2 
23500 1003.67 
23505 1004.14 
23510 1004.61 
23515 1005.08 
23520 1005.56 
23525 1006.03 
23530 1006.5 
23535 1006.97 
23540 1007.45 
23545 1007.92 
23550 1008.39 
23555 1008.87 
23560 1009.34 
23565 1009.81 
23570 1010.29 
23575 1010.76 
23580 1011.24 
23585 1011.71 
23590 1012.18 
23595 1012.66 
23600 1013.13 
23605 1013.61 
23610 1014.08 
23615 1014.56 
23620 1015.04 
23625 1015.51 
23630 1015.99 
23635 1016.46 
23640 1016.94 
23645 1017.41 
23650 1017.89 
23655 1018.37 
23660 1018.84 
23665 1019.32 
23670 1019.8 
23675 1020.27 
23680 1020.75 
23685 1021.23 
23690 1021.71 
23695 1022.18 
23700 1022.66 
23705 1023.14 
23710 1023.62 
23715 1024.1 
23720 1024.57 
23725 1025.05 
23730 1025.53 
23735 1026.01 
23740 1026.49 
23745 1026.97 
23750 1027.45 
23755 1027.93 
23760 1028.41 
23765 1028.89 
23770 1029.37 
23775 1029.85 
23780 1030.33 
23785 1030.81 
23790 1031.29 
23795 1031.77 
23800 1032.25 
23805 1032.73 
23810 1033.22 
23815 1033.7 
23820 1034.18 
23825 1034.66 
23830 1035.14 
23835 1035.63 
23840 1036.11 
23845 1036.59 
23850 1037.08 
23855 1037.56 
23860 1038.04 
23865 1038.53 
23870 1039.01 
23875 1039.49 
23880 1039.98 
23885 1040.46 
23890 1040.95 
23895 1041.43 
23900 1041.92 
23905 1042.4 
23910 1042.89 
23915 1043.37 
23920 1043.86 
23925 1044.34 
23930 1044.83 
23935 1045.31 
23940 1045.8 
23945 1046.28 
23950 1046.77 
23955 1047.26 
23960 1047.74 
23965 1048.23 
23970 1048.72 
23975 1049.21 
23980 1049.69 
23985 1050.18 
23990 1050.67 
23995 1051.16 
24000 1051.65 
24005 1052.14 
24010 1052.62 
24015 1053.11 
24020 1053.6 
24025 1054.09 
24030 1054.58 
24035 1055.07 
24040 1055.56 
24045 1056.05 
24050 1056.54 
24055 1057.03 
24060 1057.53 
24065 1058.02 
24070 1058.51 
24075 1059 
24080 1059.49 
24085 1059.98 
24090 1060.48 
24095 1060.97 
24100 1061.46 
24105 1061.95 
24110 1062.44 
24115 1062.94 
24120 1063.43 
24125 1063.92 
24130 1064.42 
24135 1064.91 
24140 1065.4 
24145 1065.9 
24150 1066.39 
24155 1066.88 
24160 1067.38 
24165 1067.87 
24170 1068.37 
24175 1068.86 
24180 1069.35 
24185 1069.85 
24190 1070.34 
24195 1070.84 
24200 1071.33 
24205 1071.83 
24210 1072.33 
24215 1072.82 
24220 1073.32 
24225 1073.81 
24230 1074.31 
24235 1074.81 
24240 1075.3 
24245 1075.8 
24250 1076.3 
24255 1076.79 
24260 1077.29 
24265 1077.79 
24270 1078.28 
24275 1078.78 
24280 1079.28 
24285 1079.78 
24290 1080.27 
24295 1080.77 
24300 1081.27 
24305 1081.77 
24310 1082.27 
24315 1082.76 
24320 1083.26 
24325 1083.76 
24330 1084.26 
24335 1084.76 
24340 1085.26 
24345 1085.76 
24350 1086.26 
24355 1086.76 
24360 1087.26 
24365 1087.76 
24370 1088.26 
24375 1088.76 
24380 1089.26 
24385 1089.76 
24390 1090.26 
24395 1090.76 
24400 1091.26 
24405 1091.76 
24410 1092.26 
24415 1092.76 
24420 1093.26 
24425 1093.76 
24430 1094.26 
24435 1094.77 
24440 1095.27 
24445 1095.77 
24450 1096.27 
24455 1096.77 
24460 1097.28 
24465 1097.78 
24470 1098.28 
24475 1098.79 
24480 1099.29 
24485 1099.79 
24490 1100.3 
24495 1100.8 
24500 1101.3 
24505 1101.81 
24510 1102.31 
24515 1102.82 
24520 1103.32 
24525 1103.82 
24530 1104.33 
24535 1104.83 
24540 1105.34 
24545 1105.84 
24550 1106.35 
24555 1106.86 
24560 1107.36 
24565 1107.87 
24570 1108.37 
24575 1108.88 
24580 1109.38 
24585 1109.89 
24590 1110.4 
24595 1110.9 
24600 1111.41 
24605 1111.91 
24610 1112.42 
24615 1112.93 
24620 1113.44 
24625 1113.94 
24630 1114.45 
24635 1114.96 
24640 1115.46 
24645 1115.97 
24650 1116.48 
24655 1116.99 
24660 1117.5 
24665 1118.01 
24670 1118.51 
24675 1119.02 
24680 1119.53 
24685 1120.04 
24690 1120.55 
24695 1121.06 
24700 1121.57 
24705 1122.08 
24710 1122.59 
24715 1123.1 
24720 1123.61 
24725 1124.12 
24730 1124.63 
24735 1125.14 
24740 1125.65 
24745 1126.16 
24750 1126.67 
24755 1127.18 
24760 1127.69 
24765 1128.2 
24770 1128.71 
24775 1129.22 
24780 1129.73 
24785 1130.25 
24790 1130.76 
24795 1131.27 
24800 1131.78 
24805 1132.29 
24810 1132.8 
24815 1133.32 
24820 1133.83 
24825 1134.34 
24830 1134.85 
24835 1135.37 
24840 1135.88 
24845 1136.39 
24850 1136.91 
24855 1137.42 
24860 1137.93 
24865 1138.45 
24870 1138.96 
24875 1139.48 
24880 1139.99 
24885 1140.51 
24890 1141.02 
24895 1141.54 
24900 1142.05 
24905 1142.57 
24910 1143.08 
24915 1143.6 
24920 1144.12 
24925 1144.63 
24930 1145.15 
24935 1145.67 
24940 1146.18 
24945 1146.7 
24950 1147.22 
24955 1147.73 
24960 1148.25 
24965 1148.77 
24970 1149.29 
24975 1149.8 
24980 1150.32 
24985 1150.84 
24990 1151.36 
24995 1151.88 
25000 1152.4 
