time msd[1][000] ave[1] 
5 0.000170877 
10 0.000682357 
15 0.00153284 
20 0.00272101 
25 0.00424614 
30 0.00610753 
35 0.00830453 
40 0.0108365 
45 0.0137024 
50 0.0169013 
55 0.0204321 
60 0.0242937 
65 0.0284857 
70 0.0330062 
75 0.0378529 
80 0.0430247 
85 0.0485194 
90 0.0543373 
95 0.060477 
100 0.0669377 
105 0.0737188 
110 0.0808193 
115 0.0882376 
120 0.095973 
125 0.104026 
130 0.112396 
135 0.121083 
140 0.130085 
145 0.139404 
150 0.14904 
155 0.15899 
160 0.169255 
165 0.179833 
170 0.190721 
175 0.201922 
180 0.213435 
185 0.225256 
190 0.237389 
195 0.249836 
200 0.262595 
205 0.275665 
210 0.289044 
215 0.302734 
220 0.316735 
225 0.331048 
230 0.345672 
235 0.360611 
240 0.375861 
245 0.391423 
250 0.4073 
255 0.42349 
260 0.439995 
265 0.456819 
270 0.473962 
275 0.491423 
280 0.509202 
285 0.527298 
290 0.545714 
295 0.564455 
300 0.583522 
305 0.602915 
310 0.622634 
315 0.642676 
320 0.66304 
325 0.683723 
330 0.704725 
335 0.726049 
340 0.747693 
345 0.769659 
350 0.791951 
355 0.814572 
360 0.837523 
365 0.860804 
370 0.884416 
375 0.90836 
380 0.932629 
385 0.957224 
390 0.982141 
395 1.00738 
400 1.03294 
405 1.05882 
410 1.08502 
415 1.11154 
420 1.13838 
425 1.16553 
430 1.19299 
435 1.22074 
440 1.24881 
445 1.27718 
450 1.30586 
455 1.33486 
460 1.36417 
465 1.3938 
470 1.42375 
475 1.45402 
480 1.48461 
485 1.51551 
490 1.54674 
495 1.57829 
500 1.61016 
505 1.64234 
510 1.67484 
515 1.70765 
520 1.74078 
525 1.77423 
530 1.808 
535 1.84208 
540 1.87646 
545 1.91114 
550 1.9461 
555 1.98137 
560 2.01693 
565 2.0528 
570 2.08897 
575 2.12545 
580 2.16223 
585 2.19934 
590 2.23676 
595 2.27449 
600 2.31255 
605 2.35091 
610 2.3896 
615 2.4286 
620 2.46794 
625 2.50762 
630 2.54763 
635 2.58797 
640 2.62864 
645 2.66964 
650 2.71095 
655 2.75258 
660 2.79452 
665 2.83677 
670 2.87933 
675 2.92221 
680 2.96541 
685 3.00892 
690 3.05276 
695 3.09693 
700 3.14142 
705 3.18623 
710 3.23137 
715 3.27683 
720 3.32262 
725 3.36873 
730 3.41517 
735 3.46194 
740 3.50903 
745 3.55645 
750 3.60418 
755 3.6522 
760 3.70052 
765 3.74914 
770 3.79807 
775 3.84731 
780 3.89688 
785 3.94676 
790 3.99696 
795 4.04749 
800 4.09833 
805 4.1495 
810 4.20099 
815 4.25281 
820 4.30495 
825 4.35743 
830 4.41023 
835 4.46336 
840 4.51684 
845 4.57066 
850 4.62482 
855 4.67933 
860 4.73419 
865 4.78942 
870 4.84499 
875 4.90089 
880 4.95714 
885 5.01374 
890 5.07068 
895 5.12797 
900 5.18559 
905 5.24354 
910 5.3018 
915 5.36038 
920 5.41926 
925 5.47846 
930 5.53797 
935 5.59779 
940 5.65794 
945 5.71842 
950 5.77925 
955 5.84043 
960 5.90196 
965 5.96386 
970 6.02611 
975 6.08872 
980 6.15168 
985 6.21501 
990 6.2787 
995 6.34275 
1000 6.40717 
1005 6.47196 
1010 6.53713 
1015 6.60268 
1020 6.6686 
1025 6.73486 
1030 6.80149 
1035 6.86847 
1040 6.9358 
1045 7.00347 
1050 7.07148 
1055 7.13985 
1060 7.20858 
1065 7.27768 
1070 7.34716 
1075 7.417 
1080 7.48721 
1085 7.55778 
1090 7.6287 
1095 7.69996 
1100 7.77159 
1105 7.84358 
1110 7.9159 
1115 7.98858 
1120 8.06158 
1125 8.13491 
1130 8.20856 
1135 8.28255 
1140 8.35689 
1145 8.43157 
1150 8.50659 
1155 8.58195 
1160 8.65764 
1165 8.73366 
1170 8.81002 
1175 8.88671 
1180 8.96372 
1185 9.04105 
1190 9.11872 
1195 9.19673 
1200 9.27508 
1205 9.35375 
1210 9.43277 
1215 9.51213 
1220 9.59183 
1225 9.67186 
1230 9.75223 
1235 9.83295 
1240 9.91401 
1245 9.99541 
1250 10.0772 
1255 10.1592 
1260 10.2416 
1265 10.3244 
1270 10.4074 
1275 10.4908 
1280 10.5745 
1285 10.6586 
1290 10.7431 
1295 10.8279 
1300 10.913 
1305 10.9986 
1310 11.0844 
1315 11.1706 
1320 11.2571 
1325 11.344 
1330 11.4313 
1335 11.5189 
1340 11.6068 
1345 11.6951 
1350 11.7839 
1355 11.8729 
1360 11.9623 
1365 12.0521 
1370 12.1422 
1375 12.2326 
1380 12.3234 
1385 12.4145 
1390 12.5058 
1395 12.5975 
1400 12.6894 
1405 12.7817 
1410 12.8742 
1415 12.9671 
1420 13.0603 
1425 13.1537 
1430 13.2475 
1435 13.3416 
1440 13.436 
1445 13.5307 
1450 13.6257 
1455 13.721 
1460 13.8166 
1465 13.9125 
1470 14.0086 
1475 14.105 
1480 14.2018 
1485 14.2988 
1490 14.3961 
1495 14.4937 
1500 14.5916 
1505 14.6899 
1510 14.7884 
1515 14.8873 
1520 14.9864 
1525 15.0859 
1530 15.1857 
1535 15.2858 
1540 15.3862 
1545 15.4869 
1550 15.5879 
1555 15.6892 
1560 15.7908 
1565 15.8927 
1570 15.995 
1575 16.0976 
1580 16.2005 
1585 16.3038 
1590 16.4075 
1595 16.5116 
1600 16.616 
1605 16.7208 
1610 16.826 
1615 16.9315 
1620 17.0374 
1625 17.1436 
1630 17.2501 
1635 17.3571 
1640 17.4643 
1645 17.5719 
1650 17.6798 
1655 17.7881 
1660 17.8966 
1665 18.0055 
1670 18.1147 
1675 18.2242 
1680 18.3339 
1685 18.444 
1690 18.5543 
1695 18.6648 
1700 18.7756 
1705 18.8867 
1710 18.9981 
1715 19.1098 
1720 19.2218 
1725 19.3342 
1730 19.4468 
1735 19.5598 
1740 19.6731 
1745 19.7866 
1750 19.9005 
1755 20.0147 
1760 20.1292 
1765 20.2439 
1770 20.3589 
1775 20.4743 
1780 20.5899 
1785 20.7058 
1790 20.822 
1795 20.9384 
1800 21.0552 
1805 21.1722 
1810 21.2895 
1815 21.407 
1820 21.5249 
1825 21.643 
1830 21.7613 
1835 21.88 
1840 21.999 
1845 22.1182 
1850 22.2378 
1855 22.3576 
1860 22.4778 
1865 22.5982 
1870 22.719 
1875 22.8401 
1880 22.9615 
1885 23.0832 
1890 23.2053 
1895 23.3278 
1900 23.4507 
1905 23.5738 
1910 23.6973 
1915 23.8211 
1920 23.9453 
1925 24.0697 
1930 24.1944 
1935 24.3195 
1940 24.4448 
1945 24.5705 
1950 24.6965 
1955 24.8229 
1960 24.9495 
1965 25.0765 
1970 25.2038 
1975 25.3313 
1980 25.4592 
1985 25.5873 
1990 25.7157 
1995 25.8443 
2000 25.9733 
2005 26.1026 
2010 26.232 
2015 26.3618 
2020 26.4918 
2025 26.6221 
2030 26.7528 
2035 26.8837 
2040 27.0149 
2045 27.1464 
2050 27.2782 
2055 27.4103 
2060 27.5426 
2065 27.6753 
2070 27.8082 
2075 27.9415 
2080 28.0751 
2085 28.2089 
2090 28.3431 
2095 28.4776 
2100 28.6123 
2105 28.7474 
2110 28.8828 
2115 29.0185 
2120 29.1544 
2125 29.2907 
2130 29.4273 
2135 29.5641 
2140 29.7011 
2145 29.8384 
2150 29.9759 
2155 30.1137 
2160 30.2517 
2165 30.3901 
2170 30.5287 
2175 30.6677 
2180 30.8069 
2185 30.9463 
2190 31.0861 
2195 31.2261 
2200 31.3663 
2205 31.5067 
2210 31.6474 
2215 31.7883 
2220 31.9294 
2225 32.0707 
2230 32.2123 
2235 32.354 
2240 32.496 
2245 32.6382 
2250 32.7806 
2255 32.9233 
2260 33.0662 
2265 33.2094 
2270 33.3528 
2275 33.4964 
2280 33.6403 
2285 33.7845 
2290 33.929 
2295 34.0736 
2300 34.2186 
2305 34.3637 
2310 34.5091 
2315 34.6547 
2320 34.8006 
2325 34.9466 
2330 35.0929 
2335 35.2394 
2340 35.3861 
2345 35.533 
2350 35.6802 
2355 35.8275 
2360 35.975 
2365 36.1227 
2370 36.2706 
2375 36.4188 
2380 36.5671 
2385 36.7157 
2390 36.8646 
2395 37.0137 
2400 37.1631 
2405 37.3128 
2410 37.4628 
2415 37.6131 
2420 37.7636 
2425 37.9144 
2430 38.0654 
2435 38.2167 
2440 38.3683 
2445 38.5201 
2450 38.6721 
2455 38.8245 
2460 38.977 
2465 39.1298 
2470 39.2829 
2475 39.4363 
2480 39.5899 
2485 39.7437 
2490 39.8978 
2495 40.0522 
2500 40.2068 
