time msd[1][001] msd[1][000] ave[1][files] msd[2][001] msd[2][000] ave[2][files] 
5 0.0151339 0.0106054 0.0138204 0.00912698 
10 0.0374454 0.019661 0.0320469 0.0163226 
15 0.0647172 0.0322374 0.0568039 0.0157576 
20 0.10209 0.044814 0.0759875 0.0131749 
25 0.133334 0.0641185 0.0997697 0.0204447 
30 0.165616 0.0490051 0.13322 0.0449294 
35 0.195074 0.0577949 0.164652 0.0434357 
40 0.235889 0.0721818 0.195545 0.0529845 
45 0.287977 nan 0.214921 nan 
50 0.346195 nan 0.254554 nan 
55 0.413828 nan 0.297951 nan 
60 0.475002 nan 0.379165 nan 
65 0.528109 nan 0.477588 nan 
70 0.563923 nan 0.581787 nan 
75 0.594197 nan 0.660057 nan 
80 0.603456 nan 0.765321 nan 
85 0.578023 nan 0.889742 nan 
90 0.621912 nan 1.0118 nan 
95 0.684203 nan 0.989676 nan 
