time msd[001] ave
5 0.00088075 0.000856047 
10 0.00216182 0.00205862 
15 0.00380218 0.00358173 
20 0.00576989 0.00538546 
25 0.00806892 0.00746185 
30 0.0107192 0.00983817 
35 0.0137353 0.0125374 
40 0.0170591 0.0155068 
45 0.0207825 0.0188482 
50 0.0248461 0.0224835 
55 0.0292363 0.0263951 
60 0.0340266 0.0306316 
65 0.0391507 0.0351734 
70 0.0446473 0.0400002 
75 0.0504755 0.0451404 
80 0.0566587 0.050628 
85 0.0632318 0.0564597 
90 0.0701232 0.0625749 
95 0.0772787 0.0689744 
100 0.0848035 0.075666 
105 0.0926656 0.0826571 
110 0.100854 0.0898832 
115 0.109293 0.0973657 
120 0.118152 0.105147 
125 0.127428 0.113266 
130 0.13701 0.121614 
135 0.14697 0.130251 
140 0.157245 0.13915 
145 0.167959 0.148314 
150 0.179006 0.157673 
155 0.190388 0.167241 
160 0.202111 0.177016 
165 0.214158 0.187061 
170 0.226518 0.197378 
175 0.239226 0.208047 
180 0.252248 0.219014 
185 0.265631 0.230246 
190 0.279331 0.241824 
195 0.293291 0.253711 
200 0.307624 0.265889 
205 0.32229 0.278332 
210 0.337373 0.291045 
215 0.352625 0.304024 
220 0.368145 0.317407 
225 0.383928 0.331154 
230 0.400001 0.345227 
235 0.416248 0.359627 
240 0.432706 0.374344 
245 0.449542 0.389362 
250 0.466746 0.404698 
255 0.484304 0.420441 
260 0.502183 0.436531 
265 0.520497 0.452937 
270 0.539116 0.469774 
275 0.558109 0.486897 
280 0.577394 0.504384 
285 0.597042 0.522231 
290 0.617014 0.540297 
295 0.637269 0.558653 
300 0.657817 0.577357 
305 0.678624 0.596427 
310 0.699844 0.615815 
315 0.721419 0.63551 
320 0.743314 0.655527 
325 0.765668 0.675829 
330 0.788576 0.696368 
335 0.811772 0.717243 
340 0.835275 0.738564 
345 0.859257 0.760146 
350 0.883433 0.782115 
355 0.907955 0.804394 
360 0.932782 0.82695 
365 0.958024 0.849795 
370 0.983559 0.872979 
375 1.00952 0.896419 
380 1.03588 0.92002 
385 1.06256 0.943962 
390 1.08947 0.968183 
395 1.11683 0.992678 
400 1.14455 1.0174 
405 1.17277 1.04237 
410 1.20127 1.06757 
415 1.23018 1.09288 
420 1.2593 1.11858 
425 1.28872 1.14455 
430 1.31852 1.17084 
435 1.34866 1.19742 
440 1.37913 1.22428 
445 1.41002 1.25146 
450 1.44121 1.27898 
455 1.47286 1.30672 
460 1.50488 1.33479 
465 1.53732 1.3631 
470 1.57014 1.39153 
475 1.60346 1.4201 
480 1.63707 1.44893 
485 1.67103 1.47809 
490 1.70522 1.50756 
495 1.73978 1.53738 
500 1.77469 1.56762 
505 1.81012 1.5981 
510 1.8458 1.62884 
515 1.88165 1.65996 
520 1.91793 1.69133 
525 1.95446 1.72305 
530 1.99127 1.7551 
535 2.02853 1.78731 
540 2.06591 1.81994 
545 2.1036 1.85294 
550 2.14151 1.88614 
555 2.17956 1.91974 
560 2.21813 1.95343 
565 2.25715 1.98721 
570 2.29619 2.02149 
575 2.33537 2.05605 
580 2.37495 2.09093 
585 2.4151 2.12595 
590 2.45599 2.16107 
595 2.49728 2.19647 
600 2.53894 2.2321 
605 2.58059 2.26822 
610 2.62277 2.3046 
615 2.66548 2.34119 
620 2.70856 2.37814 
625 2.75216 2.41532 
630 2.79605 2.45273 
635 2.84028 2.49044 
640 2.88497 2.52841 
645 2.92979 2.56668 
650 2.97503 2.60525 
655 3.02058 2.6441 
660 3.06667 2.68314 
665 3.11332 2.72218 
670 3.16032 2.76148 
675 3.2075 2.80113 
680 3.2551 2.84092 
685 3.30292 2.88105 
690 3.35089 2.92163 
695 3.3993 2.96234 
700 3.44814 3.00324 
705 3.49732 3.04439 
710 3.54687 3.0859 
715 3.59669 3.12765 
720 3.64695 3.16964 
725 3.69745 3.21186 
730 3.74828 3.25448 
735 3.79963 3.29714 
740 3.85145 3.33985 
745 3.90352 3.38286 
750 3.95603 3.42602 
755 4.00898 3.46937 
760 4.06227 3.51304 
765 4.11597 3.55687 
770 4.17003 3.60094 
775 4.22441 3.6453 
780 4.27927 3.68995 
785 4.33438 3.73509 
790 4.38966 3.78066 
795 4.44539 3.82641 
800 4.50147 3.87231 
805 4.55794 3.91842 
810 4.61478 3.96473 
815 4.67183 4.01141 
820 4.72892 4.05863 
825 4.78626 4.1063 
830 4.84404 4.15421 
835 4.9023 4.20219 
840 4.96121 4.25022 
845 5.02001 4.29889 
850 5.07917 4.34784 
855 5.13879 4.39701 
860 5.19875 4.44656 
865 5.25927 4.49632 
870 5.31972 4.54667 
875 5.38039 4.5974 
880 5.44145 4.64838 
885 5.50284 4.69963 
890 5.56428 4.75151 
895 5.62611 4.80378 
900 5.68806 4.8566 
905 5.75034 4.90972 
910 5.8129 4.96314 
915 5.87566 5.01709 
920 5.93877 5.07125 
925 6.00235 5.12558 
930 6.06659 5.17987 
935 6.13097 5.23455 
940 6.19562 5.28951 
945 6.26082 5.34488 
950 6.3263 5.4007 
955 6.39227 5.45665 
960 6.45881 5.5127 
965 6.52559 5.56916 
970 6.59267 5.62606 
975 6.66019 5.68311 
980 6.72808 5.74034 
985 6.79652 5.79771 
990 6.86547 5.85517 
995 6.93519 5.91259 
1000 7.00498 5.97061 
1005 7.07488 6.0291 
1010 7.14512 6.0879 
1015 7.21546 6.14727 
1020 7.28623 6.207 
1025 7.35739 6.26718 
1030 7.42881 6.3277 
1035 7.50064 6.38852 
1040 7.57288 6.44957 
1045 7.64553 6.51084 
1050 7.71873 6.57236 
1055 7.79235 6.63419 
1060 7.86639 6.69634 
1065 7.94103 6.75862 
1070 8.01602 6.82114 
1075 8.0911 6.88413 
1080 8.16636 6.94748 
1085 8.24205 7.01114 
1090 8.3185 7.07464 
1095 8.39504 7.13872 
1100 8.47252 7.20262 
1105 8.55025 7.26686 
1110 8.62841 7.33145 
1115 8.70679 7.39638 
1120 8.78533 7.46181 
1125 8.86397 7.52766 
1130 8.94303 7.59377 
1135 9.02219 7.66034 
1140 9.10174 7.72703 
1145 9.18142 7.79426 
1150 9.26126 7.86194 
1155 9.3415 7.92992 
1160 9.42175 7.99841 
1165 9.50273 8.06686 
1170 9.58417 8.13532 
1175 9.66592 8.20398 
1180 9.74803 8.27278 
1185 9.83038 8.34198 
1190 9.91322 8.41141 
1195 9.99643 8.48104 
1200 10.0805 8.55046 
1205 10.1652 8.61996 
1210 10.2503 8.6897 
1215 10.3359 8.75945 
1220 10.4226 8.829 
1225 10.5098 8.89859 
1230 10.5973 8.9685 
1235 10.6852 9.03869 
1240 10.7729 9.10954 
1245 10.8605 9.18084 
1250 10.9482 9.2527 
1255 11.0366 9.32454 
1260 11.1256 9.39652 
1265 11.2146 9.46893 
1270 11.3039 9.54162 
1275 11.3939 9.61453 
1280 11.4844 9.68773 
1285 11.5752 9.76134 
1290 11.6666 9.83531 
1295 11.7585 9.9096 
1300 11.8511 9.98389 
1305 11.9439 10.0586 
1310 12.0372 10.1336 
1315 12.1307 10.2091 
1320 12.2248 10.285 
1325 12.319 10.3612 
1330 12.4133 10.438 
1335 12.5079 10.5149 
1340 12.6031 10.5919 
1345 12.6987 10.6691 
1350 12.7947 10.7466 
1355 12.8907 10.8246 
1360 12.9864 10.9034 
1365 13.0824 10.9824 
1370 13.1788 11.0617 
1375 13.2756 11.1413 
1380 13.3723 11.2215 
1385 13.469 11.302 
1390 13.5663 11.3828 
1395 13.6639 11.4638 
1400 13.7618 11.545 
1405 13.8607 11.626 
1410 13.9596 11.7076 
1415 14.059 11.7891 
1420 14.1586 11.8712 
1425 14.2583 11.9539 
1430 14.3583 12.0369 
1435 14.4586 12.1202 
1440 14.5592 12.2038 
1445 14.661 12.2869 
1450 14.7633 12.3701 
1455 14.8659 12.4536 
1460 14.969 12.5373 
1465 15.0722 12.6212 
1470 15.1762 12.705 
1475 15.2802 12.7892 
1480 15.3845 12.8736 
1485 15.4898 12.9579 
1490 15.5957 13.0422 
1495 15.7019 13.1267 
1500 15.8089 13.2112 
1505 15.914 13.3017 
1510 16.0193 13.3925 
1515 16.1248 13.4834 
1520 16.2303 13.5749 
1525 16.3357 13.6671 
1530 16.4412 13.7598 
1535 16.547 13.8525 
1540 16.6526 13.946 
1545 16.7579 14.0402 
1550 16.8637 14.1347 
1555 16.9703 14.2295 
1560 17.0779 14.3242 
1565 17.1855 14.4193 
1570 17.2931 14.5151 
1575 17.4011 14.6113 
1580 17.5089 14.7083 
1585 17.6165 14.8059 
1590 17.725 14.9036 
1595 17.8337 15.0018 
1600 17.9425 15.1006 
1605 18.0517 15.1996 
1610 18.1613 15.2991 
1615 18.2708 15.3992 
1620 18.3802 15.5 
1625 18.4892 15.6017 
1630 18.599 15.7036 
1635 18.709 15.8061 
1640 18.8193 15.909 
1645 18.9299 16.0125 
1650 19.0403 16.1166 
1655 19.1511 16.221 
1660 19.2626 16.3255 
1665 19.3742 16.4305 
1670 19.4864 16.5357 
1675 19.5987 16.6414 
1680 19.7113 16.7474 
1685 19.8242 16.8536 
1690 19.938 16.9596 
1695 20.0521 17.0659 
1700 20.1672 17.1719 
1705 20.2821 17.2788 
1710 20.3978 17.3856 
1715 20.5142 17.4926 
1720 20.6306 17.6002 
1725 20.7469 17.7085 
1730 20.8637 17.8171 
1735 20.9816 17.9254 
1740 21.0997 18.034 
1745 21.2193 18.1423 
1750 21.3394 18.2508 
1755 21.4601 18.3593 
1760 21.5817 18.4678 
1765 21.7043 18.576 
1770 21.8277 18.6842 
1775 21.9518 18.7923 
1780 22.0763 18.9008 
1785 22.2015 19.0092 
1790 22.3264 19.1182 
1795 22.4515 19.2276 
1800 22.5766 19.3376 
1805 22.7027 19.4474 
1810 22.8295 19.5568 
1815 22.9568 19.6665 
1820 23.0851 19.776 
1825 23.2132 19.8862 
1830 23.3415 19.9965 
1835 23.4696 20.1075 
1840 23.5974 20.2193 
1845 23.7258 20.3312 
1850 23.8542 20.4435 
1855 23.9833 20.5561 
1860 24.1125 20.6692 
1865 24.2413 20.7832 
1870 24.3706 20.8975 
1875 24.5002 21.0121 
1880 24.6301 21.1268 
1885 24.7609 21.2416 
1890 24.8913 21.3574 
1895 25.0221 21.4737 
1900 25.154 21.5897 
1905 25.2856 21.7065 
1910 25.4167 21.8244 
1915 25.5471 21.9433 
1920 25.678 22.0621 
1925 25.8086 22.1816 
1930 25.94 22.3011 
1935 26.0728 22.4202 
1940 26.2061 22.5396 
1945 26.3393 22.6596 
1950 26.4727 22.7802 
1955 26.6061 22.9012 
1960 26.7394 23.0229 
1965 26.873 23.1448 
1970 27.0075 23.2669 
1975 27.1427 23.3889 
1980 27.2789 23.5107 
1985 27.4144 23.6338 
1990 27.5493 23.7576 
1995 27.6845 23.8816 
2000 27.821 24.0052 
2005 27.9571 24.1295 
2010 28.0935 24.2541 
2015 28.2302 24.3789 
2020 28.3678 24.5037 
2025 28.5066 24.6281 
2030 28.6458 24.7527 
2035 28.7858 24.8773 
2040 28.9271 25.0015 
2045 29.0683 25.1263 
2050 29.2102 25.2513 
2055 29.3522 25.3768 
2060 29.4953 25.5019 
2065 29.639 25.6273 
2070 29.7833 25.7528 
2075 29.9279 25.879 
2080 30.0732 26.005 
2085 30.2189 26.1311 
2090 30.3648 26.2575 
2095 30.511 26.384 
2100 30.6572 26.5111 
2105 30.8036 26.6385 
2110 30.9511 26.7655 
2115 31.1002 26.8917 
2120 31.2493 27.0188 
2125 31.3986 27.1461 
2130 31.5481 27.2739 
2135 31.6987 27.4014 
2140 31.8493 27.5294 
2145 32 27.6576 
2150 32.1512 27.7858 
2155 32.3013 27.9154 
2160 32.4524 28.0447 
2165 32.6036 28.1743 
2170 32.7551 28.3044 
2175 32.9069 28.4349 
2180 33.0584 28.5663 
2185 33.2106 28.6981 
2190 33.3639 28.8294 
2195 33.5172 28.9613 
2200 33.6704 29.0939 
2205 33.8245 29.2263 
2210 33.9785 29.3593 
2215 34.1333 29.4921 
2220 34.2889 29.6247 
2225 34.4448 29.7576 
2230 34.6013 29.8907 
2235 34.7581 30.0242 
2240 34.9146 30.1586 
2245 35.0713 30.2937 
2250 35.2283 30.4295 
2255 35.386 30.5654 
2260 35.5436 30.7019 
2265 35.7017 30.8384 
2270 35.8596 30.9754 
2275 36.0177 31.1125 
2280 36.1754 31.251 
2285 36.3331 31.3902 
2290 36.4907 31.5302 
2295 36.6487 31.6705 
2300 36.8065 31.8111 
2305 36.965 31.9516 
2310 37.1247 32.0918 
2315 37.2853 32.2319 
2320 37.4472 32.3716 
2325 37.6089 32.5122 
2330 37.771 32.6526 
2335 37.9346 32.7925 
2340 38.0976 32.9334 
2345 38.2596 33.0755 
2350 38.422 33.2179 
2355 38.5848 33.3604 
2360 38.7481 33.5027 
2365 38.9122 33.6447 
2370 39.0762 33.7872 
2375 39.2406 33.9299 
2380 39.406 34.0721 
2385 39.5729 34.2134 
2390 39.7407 34.3544 
2395 39.9085 34.4958 
2400 40.0768 34.6374 
2405 40.2456 34.7792 
2410 40.4145 34.9212 
2415 40.5837 35.0636 
2420 40.7523 35.2071 
2425 40.9212 35.3508 
2430 41.0908 35.4941 
2435 41.2608 35.6376 
2440 41.4308 35.7819 
2445 41.6001 35.9272 
2450 41.7709 36.072 
2455 41.942 36.2168 
2460 42.1136 36.3616 
2465 42.2854 36.5067 
2470 42.4571 36.6521 
2475 42.6303 36.797 
2480 42.8037 36.9421 
2485 42.977 37.0879 
2490 43.1507 37.234 
2495 43.325 37.3798 
2500 43.4985 37.5268 
2505 43.6713 37.6749 
2510 43.8432 37.8243 
2515 44.0158 37.9737 
2520 44.1887 38.1236 
2525 44.3615 38.274 
2530 44.5344 38.4248 
2535 44.7088 38.575 
2540 44.8832 38.7257 
2545 45.0577 38.8769 
2550 45.2328 39.0282 
2555 45.4084 39.1799 
2560 45.5854 39.3312 
2565 45.7618 39.4835 
2570 45.938 39.6365 
2575 46.1146 39.7899 
2580 46.2921 39.9433 
2585 46.47 40.0973 
2590 46.6472 40.2526 
2595 46.8245 40.4084 
2600 47.0021 40.5646 
2605 47.1801 40.721 
2610 47.3585 40.8776 
2615 47.5371 41.0348 
2620 47.7166 41.1918 
2625 47.8979 41.3479 
2630 48.0805 41.5035 
2635 48.2634 41.6592 
2640 48.4462 41.8155 
2645 48.6299 41.9714 
2650 48.8143 42.1273 
2655 48.9992 42.2831 
2660 49.1846 42.4391 
2665 49.3686 42.5967 
2670 49.5516 42.7555 
2675 49.7364 42.9133 
2680 49.922 43.071 
2685 50.107 43.2296 
2690 50.2935 43.3871 
2695 50.4809 43.5441 
2700 50.6697 43.7 
2705 50.8594 43.8556 
2710 51.0489 44.0118 
2715 51.2386 44.1681 
2720 51.4282 44.3249 
2725 51.6174 44.4824 
2730 51.8054 44.641 
2735 51.9938 44.7997 
2740 52.1819 44.9592 
2745 52.3707 45.1186 
2750 52.559 45.279 
2755 52.7481 45.439 
2760 52.9375 45.5995 
2765 53.1268 45.7608 
2770 53.3153 45.9231 
2775 53.5039 46.0858 
2780 53.6931 46.2483 
2785 53.8824 46.4111 
2790 54.0728 46.5733 
2795 54.2644 46.7353 
2800 54.4556 46.8983 
2805 54.6479 47.0604 
2810 54.8396 47.2235 
2815 55.0311 47.3872 
2820 55.2243 47.5501 
2825 55.418 47.7129 
2830 55.611 47.8767 
2835 55.804 48.041 
2840 55.997 48.2055 
2845 56.1901 48.3704 
2850 56.3846 48.5346 
2855 56.5771 48.7011 
2860 56.7701 48.8674 
2865 56.9632 49.0342 
2870 57.1559 49.202 
2875 57.3501 49.3689 
2880 57.5443 49.5362 
2885 57.7386 49.7037 
2890 57.9324 49.8722 
2895 58.1288 50.039 
2900 58.3269 50.2048 
2905 58.5251 50.3708 
2910 58.723 50.5374 
2915 58.9211 50.7042 
2920 59.1195 50.8717 
2925 59.3184 51.0393 
2930 59.5187 51.2061 
2935 59.7189 51.3732 
2940 59.9197 51.5402 
2945 60.1213 51.7068 
2950 60.3247 51.8722 
2955 60.5279 52.0382 
2960 60.7322 52.2034 
2965 60.9358 52.3694 
2970 61.1414 52.5335 
2975 61.3485 52.6966 
2980 61.5559 52.8596 
2985 61.7658 53.0211 
2990 61.9771 53.1816 
2995 62.1887 53.3419 
3000 62.4006 53.5027 
3005 62.6117 53.6646 
3010 62.8252 53.825 
3015 63.0392 53.9853 
3020 63.252 54.1475 
3025 63.4624 54.3123 
3030 63.6748 54.4756 
3035 63.8883 54.6385 
3040 64.1034 54.8004 
3045 64.319 54.9627 
3050 64.534 55.1262 
3055 64.7487 55.2905 
3060 64.9635 55.4555 
3065 65.1776 55.6214 
3070 65.3923 55.7874 
3075 65.61 55.9514 
3080 65.8292 56.1149 
3085 66.0476 56.2796 
3090 66.267 56.4445 
3095 66.4843 56.6117 
3100 66.6998 56.7811 
3105 66.9139 56.9526 
3110 67.1304 57.1226 
3115 67.3473 57.2925 
3120 67.5624 57.4645 
3125 67.7789 57.6355 
3130 67.9962 57.8063 
3135 68.2137 57.9778 
3140 68.4321 58.1491 
3145 68.6486 58.3224 
3150 68.8649 58.496 
3155 69.082 58.669 
3160 69.299 58.8428 
3165 69.5166 59.0165 
3170 69.7329 59.1912 
3175 69.9477 59.3673 
3180 70.1627 59.5439 
3185 70.3763 59.7217 
3190 70.592 59.898 
3195 70.8081 60.0742 
3200 71.0261 60.2489 
3205 71.2463 60.4219 
3210 71.4655 60.5957 
3215 71.6847 60.77 
3220 71.9021 60.9462 
3225 72.1213 61.1216 
3230 72.3407 61.2968 
3235 72.5617 61.4709 
3240 72.7845 61.6435 
3245 73.0098 61.8143 
3250 73.2373 61.9837 
3255 73.4665 62.1521 
3260 73.697 62.3201 
3265 73.9311 62.4855 
3270 74.1658 62.6507 
3275 74.4033 62.8139 
3280 74.6423 62.9767 
3285 74.8803 63.1409 
3290 75.1176 63.3063 
3295 75.3565 63.4708 
3300 75.5975 63.634 
3305 75.8372 63.7988 
3310 76.0797 63.9618 
3315 76.323 64.1241 
3320 76.5688 64.2845 
3325 76.8152 64.4449 
3330 77.0624 64.605 
3335 77.3092 64.7657 
3340 77.5576 64.9257 
3345 77.8059 65.0861 
3350 78.0561 65.2454 
3355 78.3073 65.4047 
3360 78.5574 65.5656 
3365 78.8073 65.7273 
3370 79.0577 65.8894 
3375 79.3078 66.0525 
3380 79.5601 66.2146 
3385 79.8105 66.3794 
3390 80.059 66.5466 
3395 80.3068 66.7153 
3400 80.5549 66.884 
3405 80.8036 67.0529 
3410 81.052 67.2228 
3415 81.3002 67.3938 
3420 81.5511 67.5628 
3425 81.8004 67.7342 
3430 82.048 67.9074 
3435 82.296 68.0806 
3440 82.5431 68.2552 
3445 82.7893 68.4313 
3450 83.0392 68.605 
3455 83.2908 68.7771 
3460 83.5438 68.9485 
3465 83.7944 69.1223 
3470 84.0429 69.2984 
3475 84.2922 69.4746 
3480 84.5407 69.6524 
3485 84.787 69.8325 
3490 85.0322 70.0138 
3495 85.2773 70.1957 
3500 85.5226 70.3778 
