time msd[1][000] ave[1] 
1 3.02631e-05 
2 0.000121042 
3 0.000272342 
4 0.000484158 
5 0.0007565 
6 0.00108936 
7 0.00148274 
8 0.00193663 
9 0.00245105 
10 0.00302599 
11 0.00366145 
12 0.00435742 
13 0.00511392 
14 0.00593094 
15 0.00680847 
16 0.00774653 
17 0.00874511 
18 0.0098042 
19 0.0109238 
20 0.012104 
21 0.0133446 
22 0.0146458 
23 0.0160075 
24 0.0174297 
25 0.0189124 
26 0.0204557 
27 0.0220595 
28 0.0237237 
29 0.0254486 
30 0.0272339 
31 0.0290797 
32 0.0309861 
33 0.032953 
34 0.0349804 
35 0.0370684 
36 0.0392168 
37 0.0414258 
38 0.0436953 
39 0.0460253 
40 0.0484158 
41 0.0508669 
42 0.0533784 
43 0.0559505 
44 0.0585831 
45 0.0612763 
46 0.0640299 
47 0.0668441 
48 0.0697188 
49 0.072654 
50 0.0756497 
51 0.078706 
52 0.0818227 
53 0.085 
54 0.0882378 
55 0.0915361 
56 0.094895 
57 0.0983144 
58 0.101794 
59 0.105335 
60 0.108936 
61 0.112597 
62 0.116319 
63 0.120101 
64 0.123944 
65 0.127848 
66 0.131812 
67 0.135837 
68 0.139922 
69 0.144067 
70 0.148273 
71 0.15254 
72 0.156867 
73 0.161255 
74 0.165703 
75 0.170212 
76 0.174781 
77 0.179411 
78 0.184101 
79 0.188852 
80 0.193663 
81 0.198535 
82 0.203467 
83 0.20846 
84 0.213514 
85 0.218628 
86 0.223802 
87 0.229037 
88 0.234332 
89 0.239688 
90 0.245105 
91 0.250582 
92 0.25612 
93 0.261718 
94 0.267376 
95 0.273095 
96 0.278875 
97 0.284715 
98 0.290616 
99 0.296577 
100 0.302599 
101 0.308681 
102 0.314824 
103 0.321027 
104 0.327291 
105 0.333615 
106 0.34 
107 0.346445 
108 0.352951 
109 0.359517 
110 0.366144 
111 0.372832 
112 0.37958 
113 0.386388 
114 0.393257 
115 0.400187 
116 0.407177 
117 0.414227 
118 0.421338 
119 0.42851 
120 0.435742 
121 0.443035 
122 0.450388 
123 0.457801 
124 0.465276 
125 0.47281 
126 0.480406 
127 0.488061 
128 0.495778 
129 0.503554 
130 0.511392 
131 0.51929 
132 0.527248 
133 0.535267 
134 0.543346 
135 0.551486 
136 0.559686 
137 0.567947 
138 0.576269 
139 0.584651 
140 0.593093 
141 0.601596 
142 0.61016 
143 0.618784 
144 0.627469 
145 0.636214 
146 0.645019 
147 0.653885 
148 0.662812 
149 0.671799 
150 0.680847 
151 0.689955 
152 0.699124 
153 0.708353 
154 0.717643 
155 0.726993 
156 0.736404 
157 0.745875 
158 0.755407 
159 0.765 
160 0.774652 
161 0.784366 
162 0.79414 
163 0.803974 
164 0.813869 
165 0.823825 
166 0.833841 
167 0.843917 
168 0.854054 
169 0.864252 
170 0.87451 
171 0.884829 
172 0.895208 
173 0.905647 
174 0.916148 
175 0.926708 
176 0.93733 
177 0.948011 
178 0.958754 
179 0.969556 
180 0.98042 
181 0.991343 
182 1.00233 
183 1.01337 
184 1.02448 
185 1.03564 
186 1.04687 
187 1.05816 
188 1.0695 
189 1.08091 
190 1.09238 
191 1.10391 
192 1.1155 
193 1.12715 
194 1.13886 
195 1.15063 
196 1.16246 
197 1.17436 
198 1.18631 
199 1.19832 
200 1.21039 
201 1.22253 
202 1.23472 
203 1.24698 
204 1.25929 
205 1.27167 
206 1.28411 
207 1.2966 
208 1.30916 
209 1.32178 
210 1.33446 
211 1.3472 
212 1.36 
213 1.37286 
214 1.38578 
215 1.39876 
216 1.4118 
217 1.42491 
218 1.43807 
219 1.45129 
220 1.46458 
221 1.47792 
222 1.49133 
223 1.50479 
224 1.51832 
225 1.53191 
226 1.54555 
227 1.55926 
228 1.57303 
229 1.58686 
230 1.60075 
231 1.6147 
232 1.62871 
233 1.64278 
234 1.65691 
235 1.6711 
236 1.68535 
237 1.69967 
238 1.71404 
239 1.72847 
240 1.74297 
241 1.75752 
242 1.77214 
243 1.78681 
244 1.80155 
245 1.81635 
246 1.83121 
247 1.84612 
248 1.8611 
249 1.87614 
250 1.89124 
251 1.9064 
252 1.92162 
253 1.9369 
254 1.95225 
255 1.96765 
256 1.98311 
257 1.99863 
258 2.01422 
259 2.02986 
260 2.04557 
261 2.06133 
262 2.07716 
263 2.09304 
264 2.10899 
265 2.125 
266 2.14107 
267 2.1572 
268 2.17338 
269 2.18963 
270 2.20594 
271 2.22231 
272 2.23875 
273 2.25524 
274 2.27179 
275 2.2884 
276 2.30508 
277 2.32181 
278 2.3386 
279 2.35546 
280 2.37237 
281 2.38935 
282 2.40639 
283 2.42348 
284 2.44064 
285 2.45786 
286 2.47514 
287 2.49247 
288 2.50987 
289 2.52733 
290 2.54485 
291 2.56244 
292 2.58008 
293 2.59778 
294 2.61554 
295 2.63336 
296 2.65125 
297 2.66919 
298 2.6872 
299 2.70526 
300 2.72339 
301 2.74157 
302 2.75982 
303 2.77813 
304 2.7965 
305 2.81492 
306 2.83341 
307 2.85196 
308 2.87057 
309 2.88924 
310 2.90797 
311 2.92676 
312 2.94562 
313 2.96453 
314 2.9835 
315 3.00253 
316 3.02163 
317 3.04078 
318 3.06 
319 3.07927 
320 3.09861 
321 3.11801 
322 3.13746 
323 3.15698 
324 3.17656 
325 3.1962 
326 3.2159 
327 3.23566 
328 3.25548 
329 3.27536 
330 3.2953 
331 3.3153 
332 3.33536 
333 3.35549 
334 3.37567 
335 3.39591 
336 3.41622 
337 3.43658 
338 3.45701 
339 3.47749 
340 3.49804 
341 3.51865 
342 3.53931 
343 3.56004 
344 3.58083 
345 3.60168 
346 3.62259 
347 3.64356 
348 3.66459 
349 3.68568 
350 3.70683 
351 3.72805 
352 3.74932 
353 3.77065 
354 3.79205 
355 3.8135 
356 3.83501 
357 3.85659 
358 3.87823 
359 3.89992 
360 3.92168 
361 3.9435 
362 3.96537 
363 3.98731 
364 4.00931 
365 4.03137 
366 4.05349 
367 4.07567 
368 4.09791 
369 4.12021 
370 4.14258 
371 4.165 
372 4.18748 
373 4.21002 
374 4.23263 
375 4.25529 
376 4.27802 
377 4.3008 
378 4.32365 
379 4.34656 
380 4.36952 
381 4.39255 
382 4.41564 
383 4.43879 
384 4.462 
385 4.48527 
386 4.5086 
387 4.53199 
388 4.55544 
389 4.57895 
390 4.60253 
391 4.62616 
392 4.64985 
393 4.67361 
394 4.69742 
395 4.7213 
396 4.74523 
397 4.76923 
398 4.79328 
399 4.8174 
400 4.84158 
401 4.86582 
402 4.89012 
403 4.91447 
404 4.93889 
405 4.96337 
406 4.98792 
407 5.01252 
408 5.03718 
409 5.0619 
410 5.08668 
411 5.11153 
412 5.13643 
413 5.1614 
414 5.18642 
415 5.21151 
416 5.23665 
417 5.26186 
418 5.28712 
419 5.31245 
420 5.33784 
421 5.36329 
422 5.3888 
423 5.41437 
424 5.44 
425 5.46569 
426 5.49144 
427 5.51725 
428 5.54312 
429 5.56906 
430 5.59505 
431 5.6211 
432 5.64722 
433 5.67339 
434 5.69963 
435 5.72592 
436 5.75228 
437 5.7787 
438 5.80517 
439 5.83171 
440 5.85831 
441 5.88497 
442 5.91169 
443 5.93847 
444 5.96531 
445 5.99221 
446 6.01917 
447 6.04619 
448 6.07328 
449 6.10042 
450 6.12762 
451 6.15489 
452 6.18221 
453 6.2096 
454 6.23704 
455 6.26455 
456 6.29211 
457 6.31974 
458 6.34743 
459 6.37518 
460 6.40299 
461 6.43086 
462 6.45879 
463 6.48678 
464 6.51483 
465 6.54294 
466 6.57111 
467 6.59934 
468 6.62764 
469 6.65599 
470 6.6844 
471 6.71288 
472 6.74141 
473 6.77001 
474 6.79866 
475 6.82738 
476 6.85616 
477 6.885 
478 6.91389 
479 6.94285 
480 6.97187 
481 7.00095 
482 7.03009 
483 7.05929 
484 7.08855 
485 7.11788 
486 7.14726 
487 7.1767 
488 7.2062 
489 7.23577 
490 7.26539 
491 7.29508 
492 7.32482 
493 7.35463 
494 7.3845 
495 7.41442 
496 7.44441 
497 7.47446 
498 7.50457 
499 7.53474 
500 7.56497 
501 7.59526 
502 7.62561 
503 7.65602 
504 7.68649 
505 7.71702 
506 7.74761 
507 7.77827 
508 7.80898 
509 7.83976 
510 7.87059 
511 7.90149 
512 7.93244 
513 7.96346 
514 7.99453 
515 8.02567 
516 8.05687 
517 8.08813 
518 8.11945 
519 8.15083 
520 8.18227 
521 8.21377 
522 8.24533 
523 8.27695 
524 8.30863 
525 8.34037 
526 8.37218 
527 8.40404 
528 8.43597 
529 8.46795 
530 8.5 
531 8.5321 
532 8.56427 
533 8.59649 
534 8.62878 
535 8.66113 
536 8.69354 
537 8.72601 
538 8.75854 
539 8.79113 
540 8.82378 
541 8.85649 
542 8.88926 
543 8.92209 
544 8.95498 
545 8.98794 
546 9.02095 
547 9.05402 
548 9.08716 
549 9.12035 
550 9.15361 
551 9.18692 
552 9.2203 
553 9.25374 
554 9.28724 
555 9.32079 
556 9.35441 
557 9.38809 
558 9.42183 
559 9.45563 
560 9.48949 
561 9.52341 
562 9.5574 
563 9.59144 
564 9.62554 
565 9.65971 
566 9.69393 
567 9.72821 
568 9.76256 
569 9.79696 
570 9.83143 
571 9.86596 
572 9.90054 
573 9.93519 
574 9.9699 
575 10.0047 
576 10.0395 
577 10.0744 
578 10.1093 
579 10.1443 
580 10.1794 
581 10.2146 
582 10.2497 
583 10.285 
584 10.3203 
585 10.3557 
586 10.3911 
587 10.4266 
588 10.4622 
589 10.4978 
590 10.5335 
591 10.5692 
592 10.605 
593 10.6409 
594 10.6768 
595 10.7127 
596 10.7488 
597 10.7849 
598 10.821 
599 10.8573 
600 10.8936 
601 10.9299 
602 10.9663 
603 11.0028 
604 11.0393 
605 11.0759 
606 11.1125 
607 11.1492 
608 11.186 
609 11.2228 
610 11.2597 
611 11.2966 
612 11.3337 
613 11.3707 
614 11.4078 
615 11.445 
616 11.4823 
617 11.5196 
618 11.557 
619 11.5944 
620 11.6319 
621 11.6694 
622 11.7071 
623 11.7447 
624 11.7825 
625 11.8203 
626 11.8581 
627 11.896 
628 11.934 
629 11.972 
630 12.0101 
631 12.0483 
632 12.0865 
633 12.1248 
634 12.1631 
635 12.2015 
636 12.24 
637 12.2785 
638 12.3171 
639 12.3557 
640 12.3944 
641 12.4332 
642 12.472 
643 12.5109 
644 12.5499 
645 12.5889 
646 12.6279 
647 12.6671 
648 12.7062 
649 12.7455 
650 12.7848 
651 12.8242 
652 12.8636 
653 12.9031 
654 12.9426 
655 12.9822 
656 13.0219 
657 13.0616 
658 13.1014 
659 13.1413 
660 13.1812 
661 13.2212 
662 13.2612 
663 13.3013 
664 13.3415 
665 13.3817 
666 13.4219 
667 13.4623 
668 13.5027 
669 13.5431 
670 13.5837 
671 13.6242 
672 13.6649 
673 13.7056 
674 13.7463 
675 13.7871 
676 13.828 
677 13.869 
678 13.91 
679 13.951 
680 13.9922 
681 14.0333 
682 14.0746 
683 14.1159 
684 14.1573 
685 14.1987 
686 14.2402 
687 14.2817 
688 14.3233 
689 14.365 
690 14.4067 
691 14.4485 
692 14.4904 
693 14.5323 
694 14.5742 
695 14.6163 
696 14.6584 
697 14.7005 
698 14.7427 
699 14.785 
700 14.8273 
701 14.8697 
702 14.9122 
703 14.9547 
704 14.9973 
705 15.0399 
706 15.0826 
707 15.1254 
708 15.1682 
709 15.2111 
710 15.254 
711 15.297 
712 15.3401 
713 15.3832 
714 15.4264 
715 15.4696 
716 15.5129 
717 15.5563 
718 15.5997 
719 15.6432 
720 15.6867 
721 15.7303 
722 15.774 
723 15.8177 
724 15.8615 
725 15.9053 
726 15.9492 
727 15.9932 
728 16.0372 
729 16.0813 
730 16.1255 
731 16.1697 
732 16.214 
733 16.2583 
734 16.3027 
735 16.3471 
736 16.3916 
737 16.4362 
738 16.4809 
739 16.5255 
740 16.5703 
741 16.6151 
742 16.66 
743 16.7049 
744 16.7499 
745 16.795 
746 16.8401 
747 16.8853 
748 16.9305 
749 16.9758 
750 17.0212 
751 17.0666 
752 17.1121 
753 17.1576 
754 17.2032 
755 17.2489 
756 17.2946 
757 17.3404 
758 17.3862 
759 17.4321 
760 17.4781 
761 17.5241 
762 17.5702 
763 17.6164 
764 17.6626 
765 17.7088 
766 17.7552 
767 17.8015 
768 17.848 
769 17.8945 
770 17.9411 
771 17.9877 
772 18.0344 
773 18.0811 
774 18.128 
775 18.1748 
776 18.2218 
777 18.2688 
778 18.3158 
779 18.3629 
780 18.4101 
781 18.4573 
782 18.5046 
783 18.552 
784 18.5994 
785 18.6469 
786 18.6944 
787 18.742 
788 18.7897 
789 18.8374 
790 18.8852 
791 18.933 
792 18.9809 
793 19.0289 
794 19.0769 
795 19.125 
796 19.1731 
797 19.2213 
798 19.2696 
799 19.3179 
800 19.3663 
801 19.4148 
802 19.4633 
803 19.5118 
804 19.5605 
805 19.6091 
806 19.6579 
807 19.7067 
808 19.7556 
809 19.8045 
810 19.8535 
811 19.9025 
812 19.9517 
813 20.0008 
814 20.0501 
815 20.0994 
816 20.1487 
817 20.1981 
818 20.2476 
819 20.2971 
820 20.3467 
821 20.3964 
822 20.4461 
823 20.4959 
824 20.5457 
825 20.5956 
826 20.6456 
827 20.6956 
828 20.7457 
829 20.7958 
830 20.846 
831 20.8963 
832 20.9466 
833 20.997 
834 21.0474 
835 21.0979 
836 21.1485 
837 21.1991 
838 21.2498 
839 21.3006 
840 21.3514 
841 21.4022 
842 21.4532 
843 21.5041 
844 21.5552 
845 21.6063 
846 21.6575 
847 21.7087 
848 21.76 
849 21.8113 
850 21.8628 
851 21.9142 
852 21.9658 
853 22.0173 
854 22.069 
855 22.1207 
856 22.1725 
857 22.2243 
858 22.2762 
859 22.3282 
860 22.3802 
861 22.4323 
862 22.4844 
863 22.5366 
864 22.5889 
865 22.6412 
866 22.6936 
867 22.746 
868 22.7985 
869 22.8511 
870 22.9037 
871 22.9564 
872 23.0091 
873 23.0619 
874 23.1148 
875 23.1677 
876 23.2207 
877 23.2737 
878 23.3268 
879 23.38 
880 23.4332 
881 23.4865 
882 23.5399 
883 23.5933 
884 23.6468 
885 23.7003 
886 23.7539 
887 23.8075 
888 23.8612 
889 23.915 
890 23.9688 
891 24.0227 
892 24.0767 
893 24.1307 
894 24.1848 
895 24.2389 
896 24.2931 
897 24.3474 
898 24.4017 
899 24.4561 
900 24.5105 
901 24.565 
902 24.6195 
903 24.6742 
904 24.7288 
905 24.7836 
906 24.8384 
907 24.8932 
908 24.9482 
909 25.0032 
910 25.0582 
911 25.1133 
912 25.1685 
913 25.2237 
914 25.279 
915 25.3343 
916 25.3897 
917 25.4452 
918 25.5007 
919 25.5563 
920 25.6119 
921 25.6677 
922 25.7234 
923 25.7793 
924 25.8351 
925 25.8911 
926 25.9471 
927 26.0032 
928 26.0593 
929 26.1155 
930 26.1718 
931 26.2281 
932 26.2844 
933 26.3409 
934 26.3974 
935 26.4539 
936 26.5105 
937 26.5672 
938 26.624 
939 26.6808 
940 26.7376 
941 26.7945 
942 26.8515 
943 26.9086 
944 26.9657 
945 27.0228 
946 27.08 
947 27.1373 
948 27.1947 
949 27.2521 
950 27.3095 
951 27.3671 
952 27.4246 
953 27.4823 
954 27.54 
955 27.5978 
956 27.6556 
957 27.7135 
958 27.7714 
959 27.8294 
960 27.8875 
961 27.9456 
962 28.0038 
963 28.0621 
964 28.1204 
965 28.1787 
966 28.2372 
967 28.2957 
968 28.3542 
969 28.4128 
970 28.4715 
971 28.5302 
972 28.589 
973 28.6479 
974 28.7068 
975 28.7658 
976 28.8248 
977 28.8839 
978 28.9431 
979 29.0023 
980 29.0616 
981 29.1209 
982 29.1803 
983 29.2398 
984 29.2993 
985 29.3589 
986 29.4185 
987 29.4782 
988 29.538 
989 29.5978 
990 29.6577 
991 29.7176 
992 29.7776 
993 29.8377 
994 29.8978 
995 29.958 
996 30.0183 
997 30.0786 
998 30.1389 
999 30.1994 
1000 30.2599 
1001 30.3204 
1002 30.381 
1003 30.4417 
1004 30.5024 
1005 30.5632 
1006 30.6241 
1007 30.685 
1008 30.746 
1009 30.807 
1010 30.8681 
1011 30.9292 
1012 30.9905 
1013 31.0517 
1014 31.1131 
1015 31.1745 
1016 31.2359 
1017 31.2974 
1018 31.359 
1019 31.4207 
1020 31.4824 
1021 31.5441 
1022 31.6059 
1023 31.6678 
1024 31.7298 
1025 31.7918 
1026 31.8538 
1027 31.916 
1028 31.9781 
1029 32.0404 
1030 32.1027 
1031 32.1651 
1032 32.2275 
1033 32.29 
1034 32.3525 
1035 32.4151 
1036 32.4778 
1037 32.5405 
1038 32.6033 
1039 32.6662 
1040 32.7291 
1041 32.792 
1042 32.8551 
1043 32.9182 
1044 32.9813 
1045 33.0445 
1046 33.1078 
1047 33.1711 
1048 33.2345 
1049 33.298 
1050 33.3615 
1051 33.4251 
1052 33.4887 
1053 33.5524 
1054 33.6162 
1055 33.68 
1056 33.7439 
1057 33.8078 
1058 33.8718 
1059 33.9359 
1060 34 
1061 34.0642 
1062 34.1284 
1063 34.1927 
1064 34.2571 
1065 34.3215 
1066 34.386 
1067 34.4505 
1068 34.5151 
1069 34.5798 
1070 34.6445 
1071 34.7093 
1072 34.7742 
1073 34.8391 
1074 34.904 
1075 34.9691 
1076 35.0341 
1077 35.0993 
1078 35.1645 
1079 35.2298 
1080 35.2951 
1081 35.3605 
1082 35.4259 
1083 35.4915 
1084 35.557 
1085 35.6227 
1086 35.6884 
1087 35.7541 
1088 35.8199 
1089 35.8858 
1090 35.9517 
1091 36.0177 
1092 36.0838 
1093 36.1499 
1094 36.2161 
1095 36.2823 
1096 36.3486 
1097 36.415 
1098 36.4814 
1099 36.5479 
1100 36.6144 
1101 36.681 
1102 36.7477 
1103 36.8144 
1104 36.8812 
1105 36.9481 
1106 37.015 
1107 37.0819 
1108 37.1489 
1109 37.216 
1110 37.2832 
1111 37.3504 
1112 37.4177 
1113 37.485 
1114 37.5524 
1115 37.6198 
1116 37.6873 
1117 37.7549 
1118 37.8225 
1119 37.8902 
1120 37.958 
1121 38.0258 
1122 38.0937 
1123 38.1616 
1124 38.2296 
1125 38.2976 
1126 38.3658 
1127 38.4339 
1128 38.5022 
1129 38.5705 
1130 38.6388 
1131 38.7072 
1132 38.7757 
1133 38.8443 
1134 38.9129 
1135 38.9815 
1136 39.0502 
1137 39.119 
1138 39.1879 
1139 39.2568 
1140 39.3257 
1141 39.3947 
1142 39.4638 
1143 39.533 
1144 39.6022 
1145 39.6714 
1146 39.7408 
1147 39.8101 
1148 39.8796 
1149 39.9491 
1150 40.0187 
1151 40.0883 
1152 40.158 
1153 40.2277 
1154 40.2975 
1155 40.3674 
1156 40.4373 
1157 40.5073 
1158 40.5774 
1159 40.6475 
1160 40.7177 
1161 40.7879 
1162 40.8582 
1163 40.9286 
1164 40.999 
1165 41.0694 
1166 41.14 
1167 41.2106 
1168 41.2812 
1169 41.3519 
1170 41.4227 
1171 41.4936 
1172 41.5645 
1173 41.6354 
1174 41.7064 
1175 41.7775 
1176 41.8487 
1177 41.9199 
1178 41.9911 
1179 42.0625 
1180 42.1338 
1181 42.2053 
1182 42.2768 
1183 42.3483 
1184 42.42 
1185 42.4917 
1186 42.5634 
1187 42.6352 
1188 42.7071 
1189 42.779 
1190 42.851 
1191 42.923 
1192 42.9952 
1193 43.0673 
1194 43.1396 
1195 43.2118 
1196 43.2842 
1197 43.3566 
1198 43.4291 
1199 43.5016 
1200 43.5742 
1201 43.6469 
1202 43.7196 
1203 43.7923 
1204 43.8652 
1205 43.9381 
1206 44.011 
1207 44.0841 
1208 44.1571 
1209 44.2303 
1210 44.3035 
1211 44.3767 
1212 44.45 
1213 44.5234 
1214 44.5969 
1215 44.6704 
1216 44.7439 
1217 44.8176 
1218 44.8912 
1219 44.965 
1220 45.0388 
1221 45.1126 
1222 45.1866 
1223 45.2606 
1224 45.3346 
1225 45.4087 
1226 45.4829 
1227 45.5571 
1228 45.6314 
1229 45.7057 
1230 45.7801 
1231 45.8546 
1232 45.9291 
1233 46.0037 
1234 46.0784 
1235 46.1531 
1236 46.2279 
1237 46.3027 
1238 46.3776 
1239 46.4526 
1240 46.5276 
1241 46.6026 
1242 46.6778 
1243 46.753 
1244 46.8282 
1245 46.9035 
1246 46.9789 
1247 47.0544 
1248 47.1299 
1249 47.2054 
1250 47.281 
1251 47.3567 
1252 47.4325 
1253 47.5083 
1254 47.5841 
1255 47.66 
1256 47.736 
1257 47.8121 
1258 47.8882 
1259 47.9643 
1260 48.0406 
1261 48.1168 
1262 48.1932 
1263 48.2696 
1264 48.3461 
1265 48.4226 
1266 48.4992 
1267 48.5758 
1268 48.6525 
1269 48.7293 
1270 48.8061 
1271 48.883 
1272 48.96 
1273 49.037 
1274 49.1141 
1275 49.1912 
1276 49.2684 
1277 49.3456 
1278 49.423 
1279 49.5003 
1280 49.5778 
1281 49.6553 
1282 49.7328 
1283 49.8104 
1284 49.8881 
1285 49.9658 
1286 50.0436 
1287 50.1215 
1288 50.1994 
1289 50.2774 
1290 50.3554 
1291 50.4335 
1292 50.5117 
1293 50.5899 
1294 50.6682 
1295 50.7465 
1296 50.825 
1297 50.9034 
1298 50.9819 
1299 51.0605 
1300 51.1392 
1301 51.2179 
1302 51.2966 
1303 51.3755 
1304 51.4544 
1305 51.5333 
1306 51.6123 
1307 51.6914 
1308 51.7705 
1309 51.8497 
1310 51.929 
1311 52.0083 
1312 52.0876 
1313 52.1671 
1314 52.2466 
1315 52.3261 
1316 52.4057 
1317 52.4854 
1318 52.5651 
1319 52.6449 
1320 52.7248 
1321 52.8047 
1322 52.8847 
1323 52.9647 
1324 53.0448 
1325 53.125 
1326 53.2052 
1327 53.2855 
1328 53.3658 
1329 53.4462 
1330 53.5267 
1331 53.6072 
1332 53.6878 
1333 53.7684 
1334 53.8491 
1335 53.9299 
1336 54.0107 
1337 54.0916 
1338 54.1725 
1339 54.2535 
1340 54.3346 
1341 54.4157 
1342 54.4969 
1343 54.5782 
1344 54.6595 
1345 54.7408 
1346 54.8223 
1347 54.9038 
1348 54.9853 
1349 55.0669 
1350 55.1486 
1351 55.2303 
1352 55.3121 
1353 55.394 
1354 55.4759 
1355 55.5579 
1356 55.6399 
1357 55.722 
1358 55.8042 
1359 55.8864 
1360 55.9686 
1361 56.051 
1362 56.1334 
1363 56.2158 
1364 56.2984 
1365 56.3809 
1366 56.4636 
1367 56.5463 
1368 56.629 
1369 56.7119 
1370 56.7947 
1371 56.8777 
1372 56.9607 
1373 57.0437 
1374 57.1269 
1375 57.2101 
1376 57.2933 
1377 57.3766 
1378 57.46 
1379 57.5434 
1380 57.6269 
1381 57.7104 
1382 57.794 
1383 57.8777 
1384 57.9614 
1385 58.0452 
1386 58.1291 
1387 58.213 
1388 58.297 
1389 58.381 
1390 58.4651 
1391 58.5492 
1392 58.6334 
1393 58.7177 
1394 58.8021 
1395 58.8865 
1396 58.9709 
1397 59.0554 
1398 59.14 
1399 59.2246 
1400 59.3093 
1401 59.3941 
1402 59.4789 
1403 59.5638 
1404 59.6487 
1405 59.7337 
1406 59.8188 
1407 59.9039 
1408 59.9891 
1409 60.0743 
1410 60.1596 
1411 60.245 
1412 60.3304 
1413 60.4159 
1414 60.5015 
1415 60.5871 
1416 60.6727 
1417 60.7584 
1418 60.8442 
1419 60.9301 
1420 61.016 
1421 61.102 
1422 61.188 
1423 61.2741 
1424 61.3602 
1425 61.4464 
1426 61.5327 
1427 61.619 
1428 61.7054 
1429 61.7919 
1430 61.8784 
1431 61.965 
1432 62.0516 
1433 62.1383 
1434 62.2251 
1435 62.3119 
1436 62.3987 
1437 62.4857 
1438 62.5727 
1439 62.6597 
1440 62.7469 
1441 62.834 
1442 62.9213 
1443 63.0086 
1444 63.0959 
1445 63.1834 
1446 63.2708 
1447 63.3584 
1448 63.446 
1449 63.5336 
1450 63.6214 
1451 63.7091 
1452 63.797 
1453 63.8849 
1454 63.9729 
1455 64.0609 
1456 64.149 
1457 64.2371 
1458 64.3253 
1459 64.4136 
1460 64.5019 
1461 64.5903 
1462 64.6788 
1463 64.7673 
1464 64.8558 
1465 64.9445 
1466 65.0332 
1467 65.1219 
1468 65.2107 
1469 65.2996 
1470 65.3885 
1471 65.4775 
1472 65.5666 
1473 65.6557 
1474 65.7449 
1475 65.8341 
1476 65.9234 
1477 66.0128 
1478 66.1022 
1479 66.1917 
1480 66.2812 
1481 66.3708 
1482 66.4605 
1483 66.5502 
1484 66.64 
1485 66.7298 
1486 66.8197 
1487 66.9097 
1488 66.9997 
1489 67.0898 
1490 67.1799 
1491 67.2701 
1492 67.3604 
1493 67.4507 
1494 67.5411 
1495 67.6315 
1496 67.7221 
1497 67.8126 
1498 67.9033 
1499 67.9939 
1500 68.0847 
1501 68.1755 
1502 68.2664 
1503 68.3573 
1504 68.4483 
1505 68.5393 
1506 68.6305 
1507 68.7216 
1508 68.8129 
1509 68.9042 
1510 68.9955 
1511 69.0869 
1512 69.1784 
1513 69.2699 
1514 69.3615 
1515 69.4532 
1516 69.5449 
1517 69.6367 
1518 69.7285 
1519 69.8204 
1520 69.9124 
1521 70.0044 
1522 70.0965 
1523 70.1886 
1524 70.2808 
1525 70.3731 
1526 70.4654 
1527 70.5578 
1528 70.6502 
1529 70.7427 
1530 70.8353 
1531 70.9279 
1532 71.0206 
1533 71.1134 
1534 71.2062 
1535 71.299 
1536 71.392 
1537 71.485 
1538 71.578 
1539 71.6711 
1540 71.7643 
1541 71.8575 
1542 71.9508 
1543 72.0442 
1544 72.1376 
1545 72.2311 
1546 72.3246 
1547 72.4182 
1548 72.5118 
1549 72.6055 
1550 72.6993 
1551 72.7932 
1552 72.8871 
1553 72.981 
1554 73.075 
1555 73.1691 
1556 73.2632 
1557 73.3574 
1558 73.4517 
1559 73.546 
1560 73.6404 
1561 73.7348 
1562 73.8293 
1563 73.9239 
1564 74.0185 
1565 74.1132 
1566 74.208 
1567 74.3028 
1568 74.3976 
1569 74.4926 
1570 74.5875 
1571 74.6826 
1572 74.7777 
1573 74.8729 
1574 74.9681 
1575 75.0634 
1576 75.1587 
1577 75.2541 
1578 75.3496 
1579 75.4451 
1580 75.5407 
1581 75.6364 
1582 75.7321 
1583 75.8279 
1584 75.9237 
1585 76.0196 
1586 76.1155 
1587 76.2116 
1588 76.3076 
1589 76.4038 
1590 76.5 
1591 76.5962 
1592 76.6925 
1593 76.7889 
1594 76.8854 
1595 76.9819 
1596 77.0784 
1597 77.175 
1598 77.2717 
1599 77.3685 
1600 77.4653 
1601 77.5621 
1602 77.659 
1603 77.756 
1604 77.8531 
1605 77.9502 
1606 78.0473 
1607 78.1446 
1608 78.2418 
1609 78.3392 
1610 78.4366 
1611 78.5341 
1612 78.6316 
1613 78.7292 
1614 78.8268 
1615 78.9245 
1616 79.0223 
1617 79.1201 
1618 79.218 
1619 79.316 
1620 79.414 
1621 79.5121 
1622 79.6102 
1623 79.7084 
1624 79.8066 
1625 79.905 
1626 80.0033 
1627 80.1018 
1628 80.2003 
1629 80.2988 
1630 80.3974 
1631 80.4961 
1632 80.5948 
1633 80.6936 
1634 80.7925 
1635 80.8914 
1636 80.9904 
1637 81.0894 
1638 81.1885 
1639 81.2877 
1640 81.3869 
1641 81.4862 
1642 81.5856 
1643 81.685 
1644 81.7844 
1645 81.8839 
1646 81.9835 
1647 82.0832 
1648 82.1829 
1649 82.2826 
1650 82.3825 
1651 82.4824 
1652 82.5823 
1653 82.6823 
1654 82.7824 
1655 82.8825 
1656 82.9827 
1657 83.083 
1658 83.1833 
1659 83.2836 
1660 83.3841 
1661 83.4846 
1662 83.5851 
1663 83.6857 
1664 83.7864 
1665 83.8871 
1666 83.9879 
1667 84.0888 
1668 84.1897 
1669 84.2907 
1670 84.3917 
1671 84.4928 
1672 84.594 
1673 84.6952 
1674 84.7965 
1675 84.8978 
1676 84.9992 
1677 85.1007 
1678 85.2022 
1679 85.3038 
1680 85.4054 
1681 85.5071 
1682 85.6089 
1683 85.7107 
1684 85.8126 
1685 85.9146 
1686 86.0166 
1687 86.1186 
1688 86.2208 
1689 86.3229 
1690 86.4252 
1691 86.5275 
1692 86.6299 
1693 86.7323 
1694 86.8348 
1695 86.9373 
1696 87.04 
1697 87.1426 
1698 87.2454 
1699 87.3482 
1700 87.451 
1701 87.5539 
1702 87.6569 
1703 87.7599 
1704 87.863 
1705 87.9662 
1706 88.0694 
1707 88.1727 
1708 88.276 
1709 88.3794 
1710 88.4829 
1711 88.5864 
1712 88.69 
1713 88.7936 
1714 88.8973 
1715 89.0011 
1716 89.1049 
1717 89.2088 
1718 89.3127 
1719 89.4167 
1720 89.5208 
1721 89.6249 
1722 89.7291 
1723 89.8333 
1724 89.9376 
1725 90.042 
1726 90.1464 
1727 90.2509 
1728 90.3555 
1729 90.4601 
1730 90.5647 
1731 90.6695 
1732 90.7743 
1733 90.8791 
1734 90.984 
1735 91.089 
1736 91.194 
1737 91.2991 
1738 91.4043 
1739 91.5095 
1740 91.6148 
1741 91.7201 
1742 91.8255 
1743 91.9309 
1744 92.0365 
1745 92.142 
1746 92.2477 
1747 92.3534 
1748 92.4591 
1749 92.565 
1750 92.6708 
1751 92.7768 
1752 92.8828 
1753 92.9888 
1754 93.095 
1755 93.2011 
1756 93.3074 
1757 93.4137 
1758 93.52 
1759 93.6265 
1760 93.733 
1761 93.8395 
1762 93.9461 
1763 94.0528 
1764 94.1595 
1765 94.2663 
1766 94.3731 
1767 94.48 
1768 94.587 
1769 94.694 
1770 94.8011 
1771 94.9083 
1772 95.0155 
1773 95.1228 
1774 95.2301 
1775 95.3375 
1776 95.4449 
1777 95.5524 
1778 95.66 
1779 95.7677 
1780 95.8754 
1781 95.9831 
1782 96.0909 
1783 96.1988 
1784 96.3067 
1785 96.4147 
1786 96.5228 
1787 96.6309 
1788 96.7391 
1789 96.8473 
1790 96.9556 
1791 97.064 
1792 97.1724 
1793 97.2809 
1794 97.3894 
1795 97.498 
1796 97.6067 
1797 97.7154 
1798 97.8242 
1799 97.9331 
1800 98.042 
1801 98.1509 
1802 98.2599 
1803 98.369 
1804 98.4782 
1805 98.5874 
1806 98.6967 
1807 98.806 
1808 98.9154 
1809 99.0248 
1810 99.1343 
1811 99.2439 
1812 99.3535 
1813 99.4632 
1814 99.573 
1815 99.6828 
1816 99.7927 
1817 99.9026 
1818 100.013 
1819 100.123 
1820 100.233 
1821 100.343 
1822 100.453 
1823 100.563 
1824 100.674 
1825 100.784 
1826 100.895 
1827 101.005 
1828 101.116 
1829 101.227 
1830 101.337 
1831 101.448 
1832 101.559 
1833 101.67 
1834 101.781 
1835 101.892 
1836 102.003 
1837 102.114 
1838 102.225 
1839 102.336 
1840 102.448 
1841 102.559 
1842 102.671 
1843 102.782 
1844 102.894 
1845 103.005 
1846 103.117 
1847 103.229 
1848 103.341 
1849 103.452 
1850 103.564 
1851 103.676 
1852 103.788 
1853 103.901 
1854 104.013 
1855 104.125 
1856 104.237 
1857 104.35 
1858 104.462 
1859 104.574 
1860 104.687 
1861 104.8 
1862 104.912 
1863 105.025 
1864 105.138 
1865 105.251 
1866 105.364 
1867 105.476 
1868 105.589 
1869 105.703 
1870 105.816 
1871 105.929 
1872 106.042 
1873 106.156 
1874 106.269 
1875 106.382 
1876 106.496 
1877 106.609 
1878 106.723 
1879 106.837 
1880 106.95 
1881 107.064 
1882 107.178 
1883 107.292 
1884 107.406 
1885 107.52 
1886 107.634 
1887 107.748 
1888 107.863 
1889 107.977 
1890 108.091 
1891 108.206 
1892 108.32 
1893 108.435 
1894 108.549 
1895 108.664 
1896 108.779 
1897 108.893 
1898 109.008 
1899 109.123 
1900 109.238 
1901 109.353 
1902 109.468 
1903 109.583 
1904 109.699 
1905 109.814 
1906 109.929 
1907 110.045 
1908 110.16 
1909 110.275 
1910 110.391 
1911 110.507 
1912 110.622 
1913 110.738 
1914 110.854 
1915 110.97 
1916 111.086 
1917 111.202 
1918 111.318 
1919 111.434 
1920 111.55 
1921 111.666 
1922 111.782 
1923 111.899 
1924 112.015 
1925 112.132 
1926 112.248 
1927 112.365 
1928 112.481 
1929 112.598 
1930 112.715 
1931 112.832 
1932 112.949 
1933 113.066 
1934 113.183 
1935 113.3 
1936 113.417 
1937 113.534 
1938 113.651 
1939 113.769 
1940 113.886 
1941 114.003 
1942 114.121 
1943 114.239 
1944 114.356 
1945 114.474 
1946 114.592 
1947 114.709 
1948 114.827 
1949 114.945 
1950 115.063 
1951 115.181 
1952 115.299 
1953 115.417 
1954 115.536 
1955 115.654 
1956 115.772 
1957 115.891 
1958 116.009 
1959 116.128 
1960 116.246 
1961 116.365 
1962 116.484 
1963 116.602 
1964 116.721 
1965 116.84 
1966 116.959 
1967 117.078 
1968 117.197 
1969 117.316 
1970 117.436 
1971 117.555 
1972 117.674 
1973 117.793 
1974 117.913 
1975 118.032 
1976 118.152 
1977 118.272 
1978 118.391 
1979 118.511 
1980 118.631 
1981 118.751 
1982 118.871 
1983 118.991 
1984 119.111 
1985 119.231 
1986 119.351 
1987 119.471 
1988 119.591 
1989 119.712 
1990 119.832 
1991 119.953 
1992 120.073 
1993 120.194 
1994 120.314 
1995 120.435 
1996 120.556 
1997 120.677 
1998 120.797 
1999 120.918 
2000 121.039 
2001 121.161 
2002 121.282 
2003 121.403 
2004 121.524 
2005 121.645 
2006 121.767 
2007 121.888 
2008 122.01 
2009 122.131 
2010 122.253 
2011 122.375 
2012 122.496 
2013 122.618 
2014 122.74 
2015 122.862 
2016 122.984 
2017 123.106 
2018 123.228 
2019 123.35 
2020 123.472 
2021 123.595 
2022 123.717 
2023 123.839 
2024 123.962 
2025 124.084 
2026 124.207 
2027 124.33 
2028 124.452 
2029 124.575 
2030 124.698 
2031 124.821 
2032 124.944 
2033 125.067 
2034 125.19 
2035 125.313 
2036 125.436 
2037 125.559 
2038 125.683 
2039 125.806 
2040 125.929 
2041 126.053 
2042 126.176 
2043 126.3 
2044 126.424 
2045 126.548 
2046 126.671 
2047 126.795 
2048 126.919 
2049 127.043 
2050 127.167 
2051 127.291 
2052 127.415 
2053 127.54 
2054 127.664 
2055 127.788 
2056 127.913 
2057 128.037 
2058 128.162 
2059 128.286 
2060 128.411 
2061 128.535 
2062 128.66 
2063 128.785 
2064 128.91 
2065 129.035 
2066 129.16 
2067 129.285 
2068 129.41 
2069 129.535 
2070 129.66 
2071 129.786 
2072 129.911 
2073 130.037 
2074 130.162 
2075 130.288 
2076 130.413 
2077 130.539 
2078 130.665 
2079 130.79 
2080 130.916 
2081 131.042 
2082 131.168 
2083 131.294 
2084 131.42 
2085 131.546 
2086 131.673 
2087 131.799 
2088 131.925 
2089 132.052 
2090 132.178 
2091 132.305 
2092 132.431 
2093 132.558 
2094 132.685 
2095 132.811 
2096 132.938 
2097 133.065 
2098 133.192 
2099 133.319 
2100 133.446 
2101 133.573 
2102 133.7 
2103 133.828 
2104 133.955 
2105 134.082 
2106 134.21 
2107 134.337 
2108 134.465 
2109 134.592 
2110 134.72 
2111 134.848 
2112 134.975 
2113 135.103 
2114 135.231 
2115 135.359 
2116 135.487 
2117 135.615 
2118 135.743 
2119 135.872 
2120 136 
2121 136.128 
2122 136.257 
2123 136.385 
2124 136.514 
2125 136.642 
2126 136.771 
2127 136.9 
2128 137.028 
2129 137.157 
2130 137.286 
2131 137.415 
2132 137.544 
2133 137.673 
2134 137.802 
2135 137.931 
2136 138.061 
2137 138.19 
2138 138.319 
2139 138.449 
2140 138.578 
2141 138.708 
2142 138.837 
2143 138.967 
2144 139.097 
2145 139.226 
2146 139.356 
2147 139.486 
2148 139.616 
2149 139.746 
2150 139.876 
2151 140.006 
2152 140.137 
2153 140.267 
2154 140.397 
2155 140.528 
2156 140.658 
2157 140.789 
2158 140.919 
2159 141.05 
2160 141.18 
2161 141.311 
2162 141.442 
2163 141.573 
2164 141.704 
2165 141.835 
2166 141.966 
2167 142.097 
2168 142.228 
2169 142.359 
2170 142.491 
2171 142.622 
2172 142.753 
2173 142.885 
2174 143.016 
2175 143.148 
2176 143.28 
2177 143.411 
2178 143.543 
2179 143.675 
2180 143.807 
2181 143.939 
2182 144.071 
2183 144.203 
2184 144.335 
2185 144.467 
2186 144.6 
2187 144.732 
2188 144.864 
2189 144.997 
2190 145.129 
2191 145.262 
2192 145.395 
2193 145.527 
2194 145.66 
2195 145.793 
2196 145.926 
2197 146.059 
2198 146.192 
2199 146.325 
2200 146.458 
2201 146.591 
2202 146.724 
2203 146.857 
2204 146.991 
2205 147.124 
2206 147.258 
2207 147.391 
2208 147.525 
2209 147.658 
2210 147.792 
2211 147.926 
2212 148.06 
2213 148.194 
2214 148.328 
2215 148.462 
2216 148.596 
2217 148.73 
2218 148.864 
2219 148.998 
2220 149.133 
2221 149.267 
2222 149.402 
2223 149.536 
2224 149.671 
2225 149.805 
2226 149.94 
2227 150.075 
2228 150.209 
2229 150.344 
2230 150.479 
2231 150.614 
2232 150.749 
2233 150.884 
2234 151.02 
2235 151.155 
2236 151.29 
2237 151.425 
2238 151.561 
2239 151.696 
2240 151.832 
2241 151.967 
2242 152.103 
2243 152.239 
2244 152.375 
2245 152.51 
2246 152.646 
2247 152.782 
2248 152.918 
2249 153.054 
2250 153.191 
2251 153.327 
2252 153.463 
2253 153.599 
2254 153.736 
2255 153.872 
2256 154.009 
2257 154.145 
2258 154.282 
2259 154.419 
2260 154.555 
2261 154.692 
2262 154.829 
2263 154.966 
2264 155.103 
2265 155.24 
2266 155.377 
2267 155.514 
2268 155.651 
2269 155.789 
2270 155.926 
2271 156.063 
2272 156.201 
2273 156.338 
2274 156.476 
2275 156.614 
2276 156.751 
2277 156.889 
2278 157.027 
2279 157.165 
2280 157.303 
2281 157.441 
2282 157.579 
2283 157.717 
2284 157.855 
2285 157.994 
2286 158.132 
2287 158.27 
2288 158.409 
2289 158.547 
2290 158.686 
2291 158.824 
2292 158.963 
2293 159.102 
2294 159.241 
2295 159.379 
2296 159.518 
2297 159.657 
2298 159.796 
2299 159.936 
2300 160.075 
2301 160.214 
2302 160.353 
2303 160.493 
2304 160.632 
2305 160.771 
2306 160.911 
2307 161.051 
2308 161.19 
2309 161.33 
2310 161.47 
2311 161.609 
2312 161.749 
2313 161.889 
2314 162.029 
2315 162.169 
2316 162.31 
2317 162.45 
2318 162.59 
2319 162.73 
2320 162.871 
2321 163.011 
2322 163.152 
2323 163.292 
2324 163.433 
2325 163.573 
2326 163.714 
2327 163.855 
2328 163.996 
2329 164.137 
2330 164.278 
2331 164.419 
2332 164.56 
2333 164.701 
2334 164.842 
2335 164.984 
2336 165.125 
2337 165.266 
2338 165.408 
2339 165.549 
2340 165.691 
2341 165.833 
2342 165.974 
2343 166.116 
2344 166.258 
2345 166.4 
2346 166.542 
2347 166.684 
2348 166.826 
2349 166.968 
2350 167.11 
2351 167.252 
2352 167.395 
2353 167.537 
2354 167.679 
2355 167.822 
2356 167.965 
2357 168.107 
2358 168.25 
2359 168.393 
2360 168.535 
2361 168.678 
2362 168.821 
2363 168.964 
2364 169.107 
2365 169.25 
2366 169.393 
2367 169.537 
2368 169.68 
2369 169.823 
2370 169.967 
2371 170.11 
2372 170.254 
2373 170.397 
2374 170.541 
2375 170.685 
2376 170.828 
2377 170.972 
2378 171.116 
2379 171.26 
2380 171.404 
2381 171.548 
2382 171.692 
2383 171.836 
2384 171.981 
2385 172.125 
2386 172.269 
2387 172.414 
2388 172.558 
2389 172.703 
2390 172.847 
2391 172.992 
2392 173.137 
2393 173.282 
2394 173.426 
2395 173.571 
2396 173.716 
2397 173.861 
2398 174.006 
2399 174.152 
2400 174.297 
2401 174.442 
2402 174.587 
2403 174.733 
2404 174.878 
2405 175.024 
2406 175.169 
2407 175.315 
2408 175.461 
2409 175.606 
2410 175.752 
2411 175.898 
2412 176.044 
2413 176.19 
2414 176.336 
2415 176.482 
2416 176.629 
2417 176.775 
2418 176.921 
2419 177.067 
2420 177.214 
2421 177.36 
2422 177.507 
2423 177.654 
2424 177.8 
2425 177.947 
2426 178.094 
2427 178.241 
2428 178.387 
2429 178.534 
2430 178.681 
2431 178.829 
2432 178.976 
2433 179.123 
2434 179.27 
2435 179.418 
2436 179.565 
2437 179.712 
2438 179.86 
2439 180.007 
2440 180.155 
2441 180.303 
2442 180.451 
2443 180.598 
2444 180.746 
2445 180.894 
2446 181.042 
2447 181.19 
2448 181.338 
2449 181.487 
2450 181.635 
2451 181.783 
2452 181.931 
2453 182.08 
2454 182.228 
2455 182.377 
2456 182.526 
2457 182.674 
2458 182.823 
2459 182.972 
2460 183.121 
2461 183.269 
2462 183.418 
2463 183.567 
2464 183.717 
2465 183.866 
2466 184.015 
2467 184.164 
2468 184.314 
2469 184.463 
2470 184.612 
2471 184.762 
2472 184.911 
2473 185.061 
2474 185.211 
2475 185.361 
2476 185.51 
2477 185.66 
2478 185.81 
2479 185.96 
2480 186.11 
2481 186.26 
2482 186.411 
2483 186.561 
2484 186.711 
2485 186.861 
2486 187.012 
2487 187.162 
2488 187.313 
2489 187.464 
2490 187.614 
2491 187.765 
2492 187.916 
2493 188.067 
2494 188.217 
2495 188.368 
2496 188.519 
2497 188.671 
2498 188.822 
2499 188.973 
2500 189.124 
2501 189.275 
2502 189.427 
2503 189.578 
2504 189.73 
2505 189.881 
2506 190.033 
2507 190.185 
2508 190.336 
2509 190.488 
2510 190.64 
2511 190.792 
2512 190.944 
2513 191.096 
2514 191.248 
2515 191.4 
2516 191.553 
2517 191.705 
2518 191.857 
2519 192.01 
2520 192.162 
2521 192.315 
2522 192.467 
2523 192.62 
2524 192.773 
2525 192.926 
2526 193.078 
2527 193.231 
2528 193.384 
2529 193.537 
2530 193.69 
2531 193.843 
2532 193.997 
2533 194.15 
2534 194.303 
2535 194.457 
2536 194.61 
2537 194.764 
2538 194.917 
2539 195.071 
2540 195.225 
2541 195.378 
2542 195.532 
2543 195.686 
2544 195.84 
2545 195.994 
2546 196.148 
2547 196.302 
2548 196.456 
2549 196.61 
2550 196.765 
2551 196.919 
2552 197.074 
2553 197.228 
2554 197.383 
2555 197.537 
2556 197.692 
2557 197.847 
2558 198.001 
2559 198.156 
2560 198.311 
2561 198.466 
2562 198.621 
2563 198.776 
2564 198.931 
2565 199.086 
2566 199.242 
2567 199.397 
2568 199.552 
2569 199.708 
2570 199.863 
2571 200.019 
2572 200.175 
2573 200.33 
2574 200.486 
2575 200.642 
2576 200.798 
2577 200.954 
2578 201.11 
2579 201.266 
2580 201.422 
2581 201.578 
2582 201.734 
2583 201.89 
2584 202.047 
2585 202.203 
2586 202.36 
2587 202.516 
2588 202.673 
2589 202.829 
2590 202.986 
2591 203.143 
2592 203.3 
2593 203.457 
2594 203.614 
2595 203.771 
2596 203.928 
2597 204.085 
2598 204.242 
2599 204.399 
2600 204.557 
2601 204.714 
2602 204.871 
2603 205.029 
2604 205.187 
2605 205.344 
2606 205.502 
2607 205.66 
2608 205.817 
2609 205.975 
2610 206.133 
2611 206.291 
2612 206.449 
2613 206.607 
2614 206.766 
2615 206.924 
2616 207.082 
2617 207.24 
2618 207.399 
2619 207.557 
2620 207.716 
2621 207.874 
2622 208.033 
2623 208.192 
2624 208.351 
2625 208.509 
2626 208.668 
2627 208.827 
2628 208.986 
2629 209.145 
2630 209.304 
2631 209.464 
2632 209.623 
2633 209.782 
2634 209.942 
2635 210.101 
2636 210.261 
2637 210.42 
2638 210.58 
2639 210.739 
2640 210.899 
2641 211.059 
2642 211.219 
2643 211.379 
2644 211.539 
2645 211.699 
2646 211.859 
2647 212.019 
2648 212.179 
2649 212.34 
2650 212.5 
2651 212.66 
2652 212.821 
2653 212.981 
2654 213.142 
2655 213.303 
2656 213.463 
2657 213.624 
2658 213.785 
2659 213.946 
2660 214.107 
2661 214.268 
2662 214.429 
2663 214.59 
2664 214.751 
2665 214.912 
2666 215.074 
2667 215.235 
2668 215.396 
2669 215.558 
2670 215.72 
2671 215.881 
2672 216.043 
2673 216.205 
2674 216.366 
2675 216.528 
2676 216.69 
2677 216.852 
2678 217.014 
2679 217.176 
2680 217.338 
2681 217.501 
2682 217.663 
2683 217.825 
2684 217.988 
2685 218.15 
2686 218.313 
2687 218.475 
2688 218.638 
2689 218.801 
2690 218.963 
2691 219.126 
2692 219.289 
2693 219.452 
2694 219.615 
2695 219.778 
2696 219.941 
2697 220.104 
2698 220.268 
2699 220.431 
2700 220.594 
2701 220.758 
2702 220.921 
2703 221.085 
2704 221.248 
2705 221.412 
2706 221.576 
2707 221.74 
2708 221.904 
2709 222.067 
2710 222.231 
2711 222.395 
2712 222.56 
2713 222.724 
2714 222.888 
2715 223.052 
2716 223.217 
2717 223.381 
2718 223.545 
2719 223.71 
2720 223.875 
2721 224.039 
2722 224.204 
2723 224.369 
2724 224.534 
2725 224.698 
2726 224.863 
2727 225.028 
2728 225.193 
2729 225.359 
2730 225.524 
2731 225.689 
2732 225.854 
2733 226.02 
2734 226.185 
2735 226.351 
2736 226.516 
2737 226.682 
2738 226.847 
2739 227.013 
2740 227.179 
2741 227.345 
2742 227.511 
2743 227.677 
2744 227.843 
2745 228.009 
2746 228.175 
2747 228.341 
2748 228.507 
2749 228.674 
2750 228.84 
2751 229.007 
2752 229.173 
2753 229.34 
2754 229.506 
2755 229.673 
2756 229.84 
2757 230.007 
2758 230.174 
2759 230.341 
2760 230.508 
2761 230.675 
2762 230.842 
2763 231.009 
2764 231.176 
2765 231.343 
2766 231.511 
2767 231.678 
2768 231.846 
2769 232.013 
2770 232.181 
2771 232.349 
2772 232.516 
2773 232.684 
2774 232.852 
2775 233.02 
2776 233.188 
2777 233.356 
2778 233.524 
2779 233.692 
2780 233.86 
2781 234.029 
2782 234.197 
2783 234.365 
2784 234.534 
2785 234.702 
2786 234.871 
2787 235.04 
2788 235.208 
2789 235.377 
2790 235.546 
2791 235.715 
2792 235.884 
2793 236.053 
2794 236.222 
2795 236.391 
2796 236.56 
2797 236.729 
2798 236.899 
2799 237.068 
2800 237.237 
2801 237.407 
2802 237.576 
2803 237.746 
2804 237.916 
2805 238.085 
2806 238.255 
2807 238.425 
2808 238.595 
2809 238.765 
2810 238.935 
2811 239.105 
2812 239.275 
2813 239.445 
2814 239.616 
2815 239.786 
2816 239.956 
2817 240.127 
2818 240.297 
2819 240.468 
2820 240.639 
2821 240.809 
2822 240.98 
2823 241.151 
2824 241.322 
2825 241.493 
2826 241.664 
2827 241.835 
2828 242.006 
2829 242.177 
2830 242.348 
2831 242.52 
2832 242.691 
2833 242.862 
2834 243.034 
2835 243.205 
2836 243.377 
2837 243.549 
2838 243.72 
2839 243.892 
2840 244.064 
2841 244.236 
2842 244.408 
2843 244.58 
2844 244.752 
2845 244.924 
2846 245.096 
2847 245.269 
2848 245.441 
2849 245.613 
2850 245.786 
2851 245.958 
2852 246.131 
2853 246.303 
2854 246.476 
2855 246.649 
2856 246.822 
2857 246.995 
2858 247.168 
2859 247.341 
2860 247.514 
2861 247.687 
2862 247.86 
2863 248.033 
2864 248.206 
2865 248.38 
2866 248.553 
2867 248.727 
2868 248.9 
2869 249.074 
2870 249.247 
2871 249.421 
2872 249.595 
2873 249.769 
2874 249.943 
2875 250.117 
2876 250.291 
2877 250.465 
2878 250.639 
2879 250.813 
2880 250.987 
2881 251.162 
2882 251.336 
2883 251.511 
2884 251.685 
2885 251.86 
2886 252.034 
2887 252.209 
2888 252.384 
2889 252.559 
2890 252.733 
2891 252.908 
2892 253.083 
2893 253.258 
2894 253.433 
2895 253.609 
2896 253.784 
2897 253.959 
2898 254.135 
2899 254.31 
2900 254.485 
2901 254.661 
2902 254.837 
2903 255.012 
2904 255.188 
2905 255.364 
2906 255.54 
2907 255.715 
2908 255.891 
2909 256.067 
2910 256.244 
2911 256.42 
2912 256.596 
2913 256.772 
2914 256.948 
2915 257.125 
2916 257.301 
2917 257.478 
2918 257.654 
2919 257.831 
2920 258.008 
2921 258.184 
2922 258.361 
2923 258.538 
2924 258.715 
2925 258.892 
2926 259.069 
2927 259.246 
2928 259.423 
2929 259.601 
2930 259.778 
2931 259.955 
2932 260.133 
2933 260.31 
2934 260.488 
2935 260.665 
2936 260.843 
2937 261.021 
2938 261.198 
2939 261.376 
2940 261.554 
2941 261.732 
2942 261.91 
2943 262.088 
2944 262.266 
2945 262.445 
2946 262.623 
2947 262.801 
2948 262.98 
2949 263.158 
2950 263.336 
2951 263.515 
2952 263.694 
2953 263.872 
2954 264.051 
2955 264.23 
2956 264.409 
2957 264.588 
2958 264.767 
2959 264.946 
2960 265.125 
2961 265.304 
2962 265.483 
2963 265.663 
2964 265.842 
2965 266.021 
2966 266.201 
2967 266.38 
2968 266.56 
2969 266.74 
2970 266.919 
2971 267.099 
2972 267.279 
2973 267.459 
2974 267.639 
2975 267.819 
2976 267.999 
2977 268.179 
2978 268.359 
2979 268.539 
2980 268.72 
2981 268.9 
2982 269.081 
2983 269.261 
2984 269.442 
2985 269.622 
2986 269.803 
2987 269.984 
2988 270.164 
2989 270.345 
2990 270.526 
2991 270.707 
2992 270.888 
2993 271.069 
2994 271.251 
2995 271.432 
2996 271.613 
2997 271.794 
2998 271.976 
2999 272.157 
3000 272.339 
3001 272.52 
3002 272.702 
3003 272.884 
3004 273.065 
3005 273.247 
3006 273.429 
3007 273.611 
3008 273.793 
3009 273.975 
3010 274.157 
3011 274.34 
3012 274.522 
3013 274.704 
3014 274.887 
3015 275.069 
3016 275.251 
3017 275.434 
3018 275.617 
3019 275.799 
3020 275.982 
3021 276.165 
3022 276.348 
3023 276.531 
3024 276.714 
3025 276.897 
3026 277.08 
3027 277.263 
3028 277.446 
3029 277.629 
3030 277.813 
3031 277.996 
3032 278.18 
3033 278.363 
3034 278.547 
3035 278.73 
3036 278.914 
3037 279.098 
3038 279.282 
3039 279.466 
3040 279.65 
3041 279.834 
3042 280.018 
3043 280.202 
3044 280.386 
3045 280.57 
3046 280.755 
3047 280.939 
3048 281.123 
3049 281.308 
3050 281.492 
3051 281.677 
3052 281.862 
3053 282.046 
3054 282.231 
3055 282.416 
3056 282.601 
3057 282.786 
3058 282.971 
3059 283.156 
3060 283.341 
3061 283.526 
3062 283.712 
3063 283.897 
3064 284.082 
3065 284.268 
3066 284.453 
3067 284.639 
3068 284.825 
3069 285.01 
3070 285.196 
3071 285.382 
3072 285.568 
3073 285.754 
3074 285.94 
3075 286.126 
3076 286.312 
3077 286.498 
3078 286.684 
3079 286.871 
3080 287.057 
3081 287.244 
3082 287.43 
3083 287.617 
3084 287.803 
3085 287.99 
3086 288.177 
3087 288.363 
3088 288.55 
3089 288.737 
3090 288.924 
3091 289.111 
3092 289.298 
3093 289.485 
3094 289.673 
3095 289.86 
3096 290.047 
3097 290.235 
3098 290.422 
3099 290.61 
3100 290.797 
3101 290.985 
3102 291.173 
3103 291.36 
3104 291.548 
3105 291.736 
3106 291.924 
3107 292.112 
3108 292.3 
3109 292.488 
3110 292.676 
3111 292.865 
3112 293.053 
3113 293.241 
3114 293.43 
3115 293.618 
3116 293.807 
3117 293.995 
3118 294.184 
3119 294.373 
3120 294.562 
3121 294.75 
3122 294.939 
3123 295.128 
3124 295.317 
3125 295.506 
3126 295.696 
3127 295.885 
3128 296.074 
3129 296.263 
3130 296.453 
3131 296.642 
3132 296.832 
3133 297.021 
3134 297.211 
3135 297.401 
3136 297.59 
3137 297.78 
3138 297.97 
3139 298.16 
3140 298.35 
3141 298.54 
3142 298.73 
3143 298.921 
3144 299.111 
3145 299.301 
3146 299.491 
3147 299.682 
3148 299.872 
3149 300.063 
3150 300.253 
3151 300.444 
3152 300.635 
3153 300.826 
3154 301.017 
3155 301.207 
3156 301.398 
3157 301.589 
3158 301.781 
3159 301.972 
3160 302.163 
3161 302.354 
3162 302.545 
3163 302.737 
3164 302.928 
3165 303.12 
3166 303.311 
3167 303.503 
3168 303.695 
3169 303.887 
3170 304.078 
3171 304.27 
3172 304.462 
3173 304.654 
3174 304.846 
3175 305.038 
3176 305.231 
3177 305.423 
3178 305.615 
3179 305.807 
3180 306 
3181 306.192 
3182 306.385 
3183 306.577 
3184 306.77 
3185 306.963 
3186 307.156 
3187 307.348 
3188 307.541 
3189 307.734 
3190 307.927 
3191 308.12 
3192 308.314 
3193 308.507 
3194 308.7 
3195 308.893 
3196 309.087 
3197 309.28 
3198 309.474 
3199 309.667 
3200 309.861 
3201 310.055 
3202 310.248 
3203 310.442 
3204 310.636 
3205 310.83 
3206 311.024 
3207 311.218 
3208 311.412 
3209 311.606 
3210 311.801 
3211 311.995 
3212 312.189 
3213 312.384 
3214 312.578 
3215 312.773 
3216 312.967 
3217 313.162 
3218 313.357 
3219 313.552 
3220 313.746 
3221 313.941 
3222 314.136 
3223 314.331 
3224 314.526 
3225 314.721 
3226 314.917 
3227 315.112 
3228 315.307 
3229 315.503 
3230 315.698 
3231 315.894 
3232 316.089 
3233 316.285 
3234 316.481 
3235 316.676 
3236 316.872 
3237 317.068 
3238 317.264 
3239 317.46 
3240 317.656 
3241 317.852 
3242 318.048 
3243 318.244 
3244 318.441 
3245 318.637 
3246 318.834 
3247 319.03 
3248 319.227 
3249 319.423 
3250 319.62 
3251 319.817 
3252 320.013 
3253 320.21 
3254 320.407 
3255 320.604 
3256 320.801 
3257 320.998 
3258 321.195 
3259 321.392 
3260 321.59 
3261 321.787 
3262 321.984 
3263 322.182 
3264 322.379 
3265 322.577 
3266 322.775 
3267 322.972 
3268 323.17 
3269 323.368 
3270 323.566 
3271 323.764 
3272 323.962 
3273 324.16 
3274 324.358 
3275 324.556 
3276 324.754 
3277 324.952 
3278 325.151 
3279 325.349 
3280 325.548 
3281 325.746 
3282 325.945 
3283 326.143 
3284 326.342 
3285 326.541 
3286 326.74 
3287 326.939 
3288 327.138 
3289 327.337 
3290 327.536 
3291 327.735 
3292 327.934 
3293 328.133 
3294 328.333 
3295 328.532 
3296 328.732 
3297 328.931 
3298 329.131 
3299 329.33 
3300 329.53 
3301 329.73 
3302 329.929 
3303 330.129 
3304 330.329 
3305 330.529 
3306 330.729 
3307 330.929 
3308 331.13 
3309 331.33 
3310 331.53 
3311 331.73 
3312 331.931 
3313 332.131 
3314 332.332 
3315 332.532 
3316 332.733 
3317 332.934 
3318 333.135 
3319 333.335 
3320 333.536 
3321 333.737 
3322 333.938 
3323 334.139 
3324 334.34 
3325 334.542 
3326 334.743 
3327 334.944 
3328 335.146 
3329 335.347 
3330 335.549 
3331 335.75 
3332 335.952 
3333 336.153 
3334 336.355 
3335 336.557 
3336 336.759 
3337 336.961 
3338 337.163 
3339 337.365 
3340 337.567 
3341 337.769 
3342 337.971 
3343 338.174 
3344 338.376 
3345 338.578 
3346 338.781 
3347 338.983 
3348 339.186 
3349 339.389 
3350 339.591 
3351 339.794 
3352 339.997 
3353 340.2 
3354 340.403 
3355 340.606 
3356 340.809 
3357 341.012 
3358 341.215 
3359 341.418 
3360 341.622 
3361 341.825 
3362 342.029 
3363 342.232 
3364 342.436 
3365 342.639 
3366 342.843 
3367 343.047 
3368 343.25 
3369 343.454 
3370 343.658 
3371 343.862 
3372 344.066 
3373 344.27 
3374 344.475 
3375 344.679 
3376 344.883 
3377 345.087 
3378 345.292 
3379 345.496 
3380 345.701 
3381 345.905 
3382 346.11 
3383 346.315 
3384 346.519 
3385 346.724 
3386 346.929 
3387 347.134 
3388 347.339 
3389 347.544 
3390 347.749 
3391 347.955 
3392 348.16 
3393 348.365 
3394 348.57 
3395 348.776 
3396 348.981 
3397 349.187 
3398 349.393 
3399 349.598 
3400 349.804 
3401 350.01 
3402 350.216 
3403 350.422 
3404 350.628 
3405 350.834 
3406 351.04 
3407 351.246 
3408 351.452 
3409 351.658 
3410 351.865 
3411 352.071 
3412 352.278 
3413 352.484 
3414 352.691 
3415 352.897 
3416 353.104 
3417 353.311 
3418 353.518 
3419 353.725 
3420 353.931 
3421 354.138 
3422 354.346 
3423 354.553 
3424 354.76 
3425 354.967 
3426 355.174 
3427 355.382 
3428 355.589 
3429 355.797 
3430 356.004 
3431 356.212 
3432 356.42 
3433 356.627 
3434 356.835 
3435 357.043 
3436 357.251 
3437 357.459 
3438 357.667 
3439 357.875 
3440 358.083 
3441 358.291 
3442 358.5 
3443 358.708 
3444 358.916 
3445 359.125 
3446 359.333 
3447 359.542 
3448 359.751 
3449 359.959 
3450 360.168 
3451 360.377 
3452 360.586 
3453 360.795 
3454 361.004 
3455 361.213 
3456 361.422 
3457 361.631 
3458 361.84 
3459 362.05 
3460 362.259 
3461 362.468 
3462 362.678 
3463 362.887 
3464 363.097 
3465 363.307 
3466 363.516 
3467 363.726 
3468 363.936 
3469 364.146 
3470 364.356 
3471 364.566 
3472 364.776 
3473 364.986 
3474 365.196 
3475 365.407 
3476 365.617 
3477 365.827 
3478 366.038 
3479 366.248 
3480 366.459 
3481 366.67 
3482 366.88 
3483 367.091 
3484 367.302 
3485 367.513 
3486 367.724 
3487 367.935 
3488 368.146 
3489 368.357 
3490 368.568 
3491 368.779 
3492 368.991 
3493 369.202 
3494 369.413 
3495 369.625 
3496 369.837 
3497 370.048 
3498 370.26 
3499 370.472 
3500 370.683 
3501 370.895 
3502 371.107 
3503 371.319 
3504 371.531 
3505 371.743 
3506 371.955 
3507 372.168 
3508 372.38 
3509 372.592 
3510 372.805 
3511 373.017 
3512 373.23 
3513 373.442 
3514 373.655 
3515 373.867 
3516 374.08 
3517 374.293 
3518 374.506 
3519 374.719 
3520 374.932 
3521 375.145 
3522 375.358 
3523 375.571 
3524 375.784 
3525 375.998 
3526 376.211 
3527 376.424 
3528 376.638 
3529 376.852 
3530 377.065 
3531 377.279 
3532 377.493 
3533 377.706 
3534 377.92 
3535 378.134 
3536 378.348 
3537 378.562 
3538 378.776 
3539 378.99 
3540 379.204 
3541 379.419 
3542 379.633 
3543 379.847 
3544 380.062 
3545 380.276 
3546 380.491 
3547 380.706 
3548 380.92 
3549 381.135 
3550 381.35 
3551 381.565 
3552 381.78 
3553 381.995 
3554 382.21 
3555 382.425 
3556 382.64 
3557 382.855 
3558 383.071 
3559 383.286 
3560 383.501 
3561 383.717 
3562 383.932 
3563 384.148 
3564 384.364 
3565 384.579 
3566 384.795 
3567 385.011 
3568 385.227 
3569 385.443 
3570 385.659 
3571 385.875 
3572 386.091 
3573 386.307 
3574 386.524 
3575 386.74 
3576 386.956 
3577 387.173 
3578 387.389 
3579 387.606 
3580 387.823 
3581 388.039 
3582 388.256 
3583 388.473 
3584 388.69 
3585 388.907 
3586 389.124 
3587 389.341 
3588 389.558 
3589 389.775 
3590 389.992 
3591 390.209 
3592 390.427 
3593 390.644 
3594 390.862 
3595 391.079 
3596 391.297 
3597 391.514 
3598 391.732 
3599 391.95 
3600 392.168 
3601 392.386 
3602 392.604 
3603 392.822 
3604 393.04 
3605 393.258 
3606 393.476 
3607 393.694 
3608 393.913 
3609 394.131 
3610 394.35 
3611 394.568 
3612 394.787 
3613 395.005 
3614 395.224 
3615 395.443 
3616 395.662 
3617 395.88 
3618 396.099 
3619 396.318 
3620 396.537 
3621 396.756 
3622 396.976 
3623 397.195 
3624 397.414 
3625 397.634 
3626 397.853 
3627 398.072 
3628 398.292 
3629 398.512 
3630 398.731 
3631 398.951 
3632 399.171 
3633 399.391 
3634 399.61 
3635 399.83 
3636 400.05 
3637 400.27 
3638 400.491 
3639 400.711 
3640 400.931 
3641 401.151 
3642 401.372 
3643 401.592 
3644 401.813 
3645 402.033 
3646 402.254 
3647 402.475 
3648 402.695 
3649 402.916 
3650 403.137 
3651 403.358 
3652 403.579 
3653 403.8 
3654 404.021 
3655 404.242 
3656 404.463 
3657 404.685 
3658 404.906 
3659 405.128 
3660 405.349 
3661 405.571 
3662 405.792 
3663 406.014 
3664 406.236 
3665 406.457 
3666 406.679 
3667 406.901 
3668 407.123 
3669 407.345 
3670 407.567 
3671 407.789 
3672 408.011 
3673 408.234 
3674 408.456 
3675 408.678 
3676 408.901 
3677 409.123 
3678 409.346 
3679 409.568 
3680 409.791 
3681 410.014 
3682 410.237 
3683 410.46 
3684 410.683 
3685 410.905 
3686 411.129 
3687 411.352 
3688 411.575 
3689 411.798 
3690 412.021 
3691 412.245 
3692 412.468 
3693 412.692 
3694 412.915 
3695 413.139 
3696 413.362 
3697 413.586 
3698 413.81 
3699 414.034 
3700 414.258 
3701 414.481 
3702 414.705 
3703 414.93 
3704 415.154 
3705 415.378 
3706 415.602 
3707 415.826 
3708 416.051 
3709 416.275 
3710 416.5 
3711 416.724 
3712 416.949 
3713 417.174 
3714 417.398 
3715 417.623 
3716 417.848 
3717 418.073 
3718 418.298 
3719 418.523 
3720 418.748 
3721 418.973 
3722 419.198 
3723 419.424 
3724 419.649 
3725 419.875 
3726 420.1 
3727 420.326 
3728 420.551 
3729 420.777 
3730 421.002 
3731 421.228 
3732 421.454 
3733 421.68 
3734 421.906 
3735 422.132 
3736 422.358 
3737 422.584 
3738 422.81 
3739 423.037 
3740 423.263 
3741 423.489 
3742 423.716 
3743 423.942 
3744 424.169 
3745 424.395 
3746 424.622 
3747 424.849 
3748 425.076 
3749 425.302 
3750 425.529 
3751 425.756 
3752 425.983 
3753 426.21 
3754 426.438 
3755 426.665 
3756 426.892 
3757 427.119 
3758 427.347 
3759 427.574 
3760 427.802 
3761 428.029 
3762 428.257 
3763 428.485 
3764 428.713 
3765 428.94 
3766 429.168 
3767 429.396 
3768 429.624 
3769 429.852 
3770 430.08 
3771 430.309 
3772 430.537 
3773 430.765 
3774 430.994 
3775 431.222 
3776 431.45 
3777 431.679 
3778 431.908 
3779 432.136 
3780 432.365 
3781 432.594 
3782 432.823 
3783 433.052 
3784 433.281 
3785 433.51 
3786 433.739 
3787 433.968 
3788 434.197 
3789 434.426 
3790 434.656 
3791 434.885 
3792 435.115 
3793 435.344 
3794 435.574 
3795 435.803 
3796 436.033 
3797 436.263 
3798 436.493 
3799 436.722 
3800 436.952 
3801 437.182 
3802 437.412 
3803 437.643 
3804 437.873 
3805 438.103 
3806 438.333 
3807 438.564 
3808 438.794 
3809 439.025 
3810 439.255 
3811 439.486 
3812 439.716 
3813 439.947 
3814 440.178 
3815 440.409 
3816 440.64 
3817 440.871 
3818 441.102 
3819 441.333 
3820 441.564 
3821 441.795 
3822 442.027 
3823 442.258 
3824 442.489 
3825 442.721 
3826 442.952 
3827 443.184 
3828 443.415 
3829 443.647 
3830 443.879 
3831 444.111 
3832 444.343 
3833 444.575 
3834 444.807 
3835 445.039 
3836 445.271 
3837 445.503 
3838 445.735 
3839 445.967 
3840 446.2 
3841 446.432 
3842 446.665 
3843 446.897 
3844 447.13 
3845 447.363 
3846 447.595 
3847 447.828 
3848 448.061 
3849 448.294 
3850 448.527 
3851 448.76 
3852 448.993 
3853 449.226 
3854 449.459 
3855 449.693 
3856 449.926 
3857 450.159 
3858 450.393 
3859 450.626 
3860 450.86 
3861 451.093 
3862 451.327 
3863 451.561 
3864 451.795 
3865 452.029 
3866 452.263 
3867 452.497 
3868 452.731 
3869 452.965 
3870 453.199 
3871 453.433 
3872 453.667 
3873 453.902 
3874 454.136 
3875 454.371 
3876 454.605 
3877 454.84 
3878 455.075 
3879 455.309 
3880 455.544 
3881 455.779 
3882 456.014 
3883 456.249 
3884 456.484 
3885 456.719 
3886 456.954 
3887 457.189 
3888 457.425 
3889 457.66 
3890 457.895 
3891 458.131 
3892 458.366 
3893 458.602 
3894 458.837 
3895 459.073 
3896 459.309 
3897 459.545 
3898 459.781 
3899 460.017 
3900 460.253 
3901 460.489 
3902 460.725 
3903 460.961 
3904 461.197 
3905 461.433 
3906 461.67 
3907 461.906 
3908 462.143 
3909 462.379 
3910 462.616 
3911 462.852 
3912 463.089 
3913 463.326 
3914 463.563 
3915 463.8 
3916 464.037 
3917 464.274 
3918 464.511 
3919 464.748 
3920 464.985 
3921 465.222 
3922 465.46 
3923 465.697 
3924 465.935 
3925 466.172 
3926 466.41 
3927 466.647 
3928 466.885 
3929 467.123 
3930 467.361 
3931 467.598 
3932 467.836 
3933 468.074 
3934 468.312 
3935 468.551 
3936 468.789 
3937 469.027 
3938 469.265 
3939 469.504 
3940 469.742 
3941 469.98 
3942 470.219 
3943 470.458 
3944 470.696 
3945 470.935 
3946 471.174 
3947 471.413 
3948 471.652 
3949 471.89 
3950 472.13 
3951 472.369 
3952 472.608 
3953 472.847 
3954 473.086 
3955 473.326 
3956 473.565 
3957 473.804 
3958 474.044 
3959 474.283 
3960 474.523 
3961 474.763 
3962 475.003 
3963 475.242 
3964 475.482 
3965 475.722 
3966 475.962 
3967 476.202 
3968 476.442 
3969 476.682 
3970 476.923 
3971 477.163 
3972 477.403 
3973 477.644 
3974 477.884 
3975 478.125 
3976 478.365 
3977 478.606 
3978 478.847 
3979 479.087 
3980 479.328 
3981 479.569 
3982 479.81 
3983 480.051 
3984 480.292 
3985 480.533 
3986 480.775 
3987 481.016 
3988 481.257 
3989 481.499 
3990 481.74 
3991 481.982 
3992 482.223 
3993 482.465 
3994 482.706 
3995 482.948 
3996 483.19 
3997 483.432 
3998 483.674 
3999 483.916 
4000 484.158 
4001 484.4 
4002 484.642 
4003 484.884 
4004 485.127 
4005 485.369 
4006 485.611 
4007 485.854 
4008 486.096 
4009 486.339 
4010 486.582 
4011 486.824 
4012 487.067 
4013 487.31 
4014 487.553 
4015 487.796 
4016 488.039 
4017 488.282 
4018 488.525 
4019 488.768 
4020 489.011 
4021 489.255 
4022 489.498 
4023 489.742 
4024 489.985 
4025 490.229 
4026 490.472 
4027 490.716 
4028 490.96 
4029 491.204 
4030 491.447 
4031 491.691 
4032 491.935 
4033 492.179 
4034 492.423 
4035 492.668 
4036 492.912 
4037 493.156 
4038 493.4 
4039 493.645 
4040 493.889 
4041 494.134 
4042 494.378 
4043 494.623 
4044 494.868 
4045 495.113 
4046 495.357 
4047 495.602 
4048 495.847 
4049 496.092 
4050 496.337 
4051 496.583 
4052 496.828 
4053 497.073 
4054 497.318 
4055 497.564 
4056 497.809 
4057 498.055 
4058 498.3 
4059 498.546 
4060 498.791 
4061 499.037 
4062 499.283 
4063 499.529 
4064 499.775 
4065 500.021 
4066 500.267 
4067 500.513 
4068 500.759 
4069 501.005 
4070 501.252 
4071 501.498 
4072 501.744 
4073 501.991 
4074 502.237 
4075 502.484 
4076 502.731 
4077 502.977 
4078 503.224 
4079 503.471 
4080 503.718 
4081 503.965 
4082 504.212 
4083 504.459 
4084 504.706 
4085 504.953 
4086 505.2 
4087 505.448 
4088 505.695 
4089 505.943 
4090 506.19 
4091 506.438 
4092 506.685 
4093 506.933 
4094 507.181 
4095 507.428 
4096 507.676 
4097 507.924 
4098 508.172 
4099 508.42 
4100 508.668 
4101 508.916 
4102 509.165 
4103 509.413 
4104 509.661 
4105 509.91 
4106 510.158 
4107 510.407 
4108 510.655 
4109 510.904 
4110 511.153 
4111 511.401 
4112 511.65 
4113 511.899 
4114 512.148 
4115 512.397 
4116 512.646 
4117 512.895 
4118 513.144 
4119 513.394 
4120 513.643 
4121 513.892 
4122 514.142 
4123 514.391 
4124 514.641 
4125 514.89 
4126 515.14 
4127 515.39 
4128 515.64 
4129 515.89 
4130 516.139 
4131 516.389 
4132 516.639 
4133 516.89 
4134 517.14 
4135 517.39 
4136 517.64 
4137 517.891 
4138 518.141 
4139 518.391 
4140 518.642 
4141 518.893 
4142 519.143 
4143 519.394 
4144 519.645 
4145 519.895 
4146 520.146 
4147 520.397 
4148 520.648 
4149 520.899 
4150 521.15 
4151 521.402 
4152 521.653 
4153 521.904 
4154 522.156 
4155 522.407 
4156 522.659 
4157 522.91 
4158 523.162 
4159 523.413 
4160 523.665 
4161 523.917 
4162 524.169 
4163 524.421 
4164 524.673 
4165 524.925 
4166 525.177 
4167 525.429 
4168 525.681 
4169 525.933 
4170 526.186 
4171 526.438 
4172 526.691 
4173 526.943 
4174 527.196 
4175 527.448 
4176 527.701 
4177 527.954 
4178 528.207 
4179 528.459 
4180 528.712 
4181 528.965 
4182 529.218 
4183 529.472 
4184 529.725 
4185 529.978 
4186 530.231 
4187 530.485 
4188 530.738 
4189 530.992 
4190 531.245 
4191 531.499 
4192 531.752 
4193 532.006 
4194 532.26 
4195 532.514 
4196 532.768 
4197 533.022 
4198 533.276 
4199 533.53 
4200 533.784 
4201 534.038 
4202 534.292 
4203 534.547 
4204 534.801 
4205 535.056 
4206 535.31 
4207 535.565 
4208 535.819 
4209 536.074 
4210 536.329 
4211 536.584 
4212 536.839 
4213 537.093 
4214 537.348 
4215 537.604 
4216 537.859 
4217 538.114 
4218 538.369 
4219 538.624 
4220 538.88 
4221 539.135 
4222 539.391 
4223 539.646 
4224 539.902 
4225 540.157 
4226 540.413 
4227 540.669 
4228 540.925 
4229 541.181 
4230 541.437 
4231 541.693 
4232 541.949 
4233 542.205 
4234 542.461 
4235 542.717 
4236 542.974 
4237 543.23 
4238 543.487 
4239 543.743 
4240 544 
4241 544.256 
4242 544.513 
4243 544.77 
4244 545.027 
4245 545.283 
4246 545.54 
4247 545.797 
4248 546.054 
4249 546.312 
4250 546.569 
4251 546.826 
4252 547.083 
4253 547.341 
4254 547.598 
4255 547.856 
4256 548.113 
4257 548.371 
4258 548.628 
4259 548.886 
4260 549.144 
4261 549.402 
4262 549.66 
4263 549.918 
4264 550.176 
4265 550.434 
4266 550.692 
4267 550.95 
4268 551.208 
4269 551.467 
4270 551.725 
4271 551.984 
4272 552.242 
4273 552.501 
4274 552.759 
4275 553.018 
4276 553.277 
4277 553.535 
4278 553.794 
4279 554.053 
4280 554.312 
4281 554.571 
4282 554.83 
4283 555.09 
4284 555.349 
4285 555.608 
4286 555.868 
4287 556.127 
4288 556.386 
4289 556.646 
4290 556.906 
4291 557.165 
4292 557.425 
4293 557.685 
4294 557.945 
4295 558.204 
4296 558.464 
4297 558.724 
4298 558.985 
4299 559.245 
4300 559.505 
4301 559.765 
4302 560.025 
4303 560.286 
4304 560.546 
4305 560.807 
4306 561.067 
4307 561.328 
4308 561.589 
4309 561.849 
4310 562.11 
4311 562.371 
4312 562.632 
4313 562.893 
4314 563.154 
4315 563.415 
4316 563.676 
4317 563.938 
4318 564.199 
4319 564.46 
4320 564.722 
4321 564.983 
4322 565.245 
4323 565.506 
4324 565.768 
4325 566.03 
4326 566.291 
4327 566.553 
4328 566.815 
4329 567.077 
4330 567.339 
4331 567.601 
4332 567.863 
4333 568.126 
4334 568.388 
4335 568.65 
4336 568.913 
4337 569.175 
4338 569.437 
4339 569.7 
4340 569.963 
4341 570.225 
4342 570.488 
4343 570.751 
4344 571.014 
4345 571.277 
4346 571.54 
4347 571.803 
4348 572.066 
4349 572.329 
4350 572.592 
4351 572.856 
4352 573.119 
4353 573.382 
4354 573.646 
4355 573.909 
4356 574.173 
4357 574.437 
4358 574.7 
4359 574.964 
4360 575.228 
4361 575.492 
4362 575.756 
4363 576.02 
4364 576.284 
4365 576.548 
4366 576.812 
4367 577.076 
4368 577.341 
4369 577.605 
4370 577.87 
4371 578.134 
4372 578.399 
4373 578.663 
4374 578.928 
4375 579.193 
4376 579.457 
4377 579.722 
4378 579.987 
4379 580.252 
4380 580.517 
4381 580.782 
4382 581.048 
4383 581.313 
4384 581.578 
4385 581.843 
4386 582.109 
4387 582.374 
4388 582.64 
4389 582.905 
4390 583.171 
4391 583.437 
4392 583.703 
4393 583.968 
4394 584.234 
4395 584.5 
4396 584.766 
4397 585.032 
4398 585.298 
4399 585.565 
4400 585.831 
4401 586.097 
4402 586.364 
4403 586.63 
4404 586.897 
4405 587.163 
4406 587.43 
4407 587.696 
4408 587.963 
4409 588.23 
4410 588.497 
4411 588.764 
4412 589.031 
4413 589.298 
4414 589.565 
4415 589.832 
4416 590.099 
4417 590.367 
4418 590.634 
4419 590.901 
4420 591.169 
4421 591.436 
4422 591.704 
4423 591.972 
4424 592.239 
4425 592.507 
4426 592.775 
4427 593.043 
4428 593.311 
4429 593.579 
4430 593.847 
4431 594.115 
4432 594.383 
4433 594.651 
4434 594.92 
4435 595.188 
4436 595.456 
4437 595.725 
4438 595.994 
4439 596.262 
4440 596.531 
4441 596.8 
4442 597.068 
4443 597.337 
4444 597.606 
4445 597.875 
4446 598.144 
4447 598.413 
4448 598.682 
4449 598.952 
4450 599.221 
4451 599.49 
4452 599.76 
4453 600.029 
4454 600.299 
4455 600.568 
4456 600.838 
4457 601.108 
4458 601.377 
4459 601.647 
4460 601.917 
4461 602.187 
4462 602.457 
4463 602.727 
4464 602.997 
4465 603.267 
4466 603.538 
4467 603.808 
4468 604.078 
4469 604.349 
4470 604.619 
4471 604.89 
4472 605.16 
4473 605.431 
4474 605.702 
4475 605.973 
4476 606.244 
4477 606.514 
4478 606.785 
4479 607.056 
4480 607.328 
4481 607.599 
4482 607.87 
4483 608.141 
4484 608.413 
4485 608.684 
4486 608.955 
4487 609.227 
4488 609.499 
4489 609.77 
4490 610.042 
4491 610.314 
4492 610.585 
4493 610.857 
4494 611.129 
4495 611.401 
4496 611.673 
4497 611.945 
4498 612.218 
4499 612.49 
4500 612.762 
4501 613.035 
4502 613.307 
4503 613.58 
4504 613.852 
4505 614.125 
4506 614.397 
4507 614.67 
4508 614.943 
4509 615.216 
4510 615.489 
4511 615.762 
4512 616.035 
4513 616.308 
4514 616.581 
4515 616.854 
4516 617.127 
4517 617.401 
4518 617.674 
4519 617.948 
4520 618.221 
4521 618.495 
4522 618.768 
4523 619.042 
4524 619.316 
4525 619.59 
4526 619.863 
4527 620.137 
4528 620.411 
4529 620.686 
4530 620.96 
4531 621.234 
4532 621.508 
4533 621.782 
4534 622.057 
4535 622.331 
4536 622.606 
4537 622.88 
4538 623.155 
4539 623.429 
4540 623.704 
4541 623.979 
4542 624.254 
4543 624.529 
4544 624.804 
4545 625.079 
4546 625.354 
4547 625.629 
4548 625.904 
4549 626.179 
4550 626.455 
4551 626.73 
4552 627.006 
4553 627.281 
4554 627.557 
4555 627.832 
4556 628.108 
4557 628.384 
4558 628.66 
4559 628.936 
4560 629.211 
4561 629.487 
4562 629.764 
4563 630.04 
4564 630.316 
4565 630.592 
4566 630.868 
4567 631.145 
4568 631.421 
4569 631.698 
4570 631.974 
4571 632.251 
4572 632.527 
4573 632.804 
4574 633.081 
4575 633.358 
4576 633.635 
4577 633.912 
4578 634.189 
4579 634.466 
4580 634.743 
4581 635.02 
4582 635.297 
4583 635.575 
4584 635.852 
4585 636.13 
4586 636.407 
4587 636.685 
4588 636.962 
4589 637.24 
4590 637.518 
4591 637.796 
4592 638.074 
4593 638.351 
4594 638.629 
4595 638.908 
4596 639.186 
4597 639.464 
4598 639.742 
4599 640.02 
4600 640.299 
4601 640.577 
4602 640.856 
4603 641.134 
4604 641.413 
4605 641.691 
4606 641.97 
4607 642.249 
4608 642.528 
4609 642.807 
4610 643.086 
4611 643.365 
4612 643.644 
4613 643.923 
4614 644.202 
4615 644.481 
4616 644.761 
4617 645.04 
4618 645.32 
4619 645.599 
4620 645.879 
4621 646.158 
4622 646.438 
4623 646.718 
4624 646.998 
4625 647.277 
4626 647.557 
4627 647.837 
4628 648.117 
4629 648.397 
4630 648.678 
4631 648.958 
4632 649.238 
4633 649.519 
4634 649.799 
4635 650.079 
4636 650.36 
4637 650.641 
4638 650.921 
4639 651.202 
4640 651.483 
4641 651.764 
4642 652.044 
4643 652.325 
4644 652.606 
4645 652.888 
4646 653.169 
4647 653.45 
4648 653.731 
4649 654.013 
4650 654.294 
4651 654.575 
4652 654.857 
4653 655.138 
4654 655.42 
4655 655.702 
4656 655.983 
4657 656.265 
4658 656.547 
4659 656.829 
4660 657.111 
4661 657.393 
4662 657.675 
4663 657.957 
4664 658.24 
4665 658.522 
4666 658.804 
4667 659.087 
4668 659.369 
4669 659.652 
4670 659.934 
4671 660.217 
4672 660.5 
4673 660.782 
4674 661.065 
4675 661.348 
4676 661.631 
4677 661.914 
4678 662.197 
4679 662.48 
4680 662.764 
4681 663.047 
4682 663.33 
4683 663.614 
4684 663.897 
4685 664.181 
4686 664.464 
4687 664.748 
4688 665.031 
4689 665.315 
4690 665.599 
4691 665.883 
4692 666.167 
4693 666.451 
4694 666.735 
4695 667.019 
4696 667.303 
4697 667.587 
4698 667.872 
4699 668.156 
4700 668.44 
4701 668.725 
4702 669.009 
4703 669.294 
4704 669.579 
4705 669.863 
4706 670.148 
4707 670.433 
4708 670.718 
4709 671.003 
4710 671.288 
4711 671.573 
4712 671.858 
4713 672.143 
4714 672.429 
4715 672.714 
4716 672.999 
4717 673.285 
4718 673.57 
4719 673.856 
4720 674.141 
4721 674.427 
4722 674.713 
4723 674.999 
4724 675.284 
4725 675.57 
4726 675.856 
4727 676.142 
4728 676.428 
4729 676.715 
4730 677.001 
4731 677.287 
4732 677.574 
4733 677.86 
4734 678.146 
4735 678.433 
4736 678.72 
4737 679.006 
4738 679.293 
4739 679.58 
4740 679.867 
4741 680.153 
4742 680.44 
4743 680.727 
4744 681.014 
4745 681.302 
4746 681.589 
4747 681.876 
4748 682.163 
4749 682.451 
4750 682.738 
4751 683.026 
4752 683.313 
4753 683.601 
4754 683.889 
4755 684.176 
4756 684.464 
4757 684.752 
4758 685.04 
4759 685.328 
4760 685.616 
4761 685.904 
4762 686.192 
4763 686.48 
4764 686.769 
4765 687.057 
4766 687.345 
4767 687.634 
4768 687.922 
4769 688.211 
4770 688.5 
4771 688.788 
4772 689.077 
4773 689.366 
4774 689.655 
4775 689.944 
4776 690.233 
4777 690.522 
4778 690.811 
4779 691.1 
4780 691.389 
4781 691.679 
4782 691.968 
4783 692.258 
4784 692.547 
4785 692.837 
4786 693.126 
4787 693.416 
4788 693.706 
4789 693.995 
4790 694.285 
4791 694.575 
4792 694.865 
4793 695.155 
4794 695.445 
4795 695.736 
4796 696.026 
4797 696.316 
4798 696.606 
4799 696.897 
4800 697.187 
4801 697.478 
4802 697.768 
4803 698.059 
4804 698.35 
4805 698.64 
4806 698.931 
4807 699.222 
4808 699.513 
4809 699.804 
4810 700.095 
4811 700.386 
4812 700.678 
4813 700.969 
4814 701.26 
4815 701.551 
4816 701.843 
4817 702.134 
4818 702.426 
4819 702.718 
4820 703.009 
4821 703.301 
4822 703.593 
4823 703.885 
4824 704.177 
4825 704.469 
4826 704.761 
4827 705.053 
4828 705.345 
4829 705.637 
4830 705.929 
4831 706.222 
4832 706.514 
4833 706.807 
4834 707.099 
4835 707.392 
4836 707.684 
4837 707.977 
4838 708.27 
4839 708.563 
4840 708.855 
4841 709.148 
4842 709.441 
4843 709.734 
4844 710.028 
4845 710.321 
4846 710.614 
4847 710.907 
4848 711.201 
4849 711.494 
4850 711.788 
4851 712.081 
4852 712.375 
4853 712.668 
4854 712.962 
4855 713.256 
4856 713.55 
4857 713.844 
4858 714.138 
4859 714.432 
4860 714.726 
4861 715.02 
4862 715.314 
4863 715.609 
4864 715.903 
4865 716.197 
4866 716.492 
4867 716.786 
4868 717.081 
4869 717.375 
4870 717.67 
4871 717.965 
4872 718.26 
4873 718.555 
4874 718.85 
4875 719.145 
4876 719.44 
4877 719.735 
4878 720.03 
4879 720.325 
4880 720.62 
4881 720.916 
4882 721.211 
4883 721.507 
4884 721.802 
4885 722.098 
4886 722.394 
4887 722.689 
4888 722.985 
4889 723.281 
4890 723.577 
4891 723.873 
4892 724.169 
4893 724.465 
4894 724.761 
4895 725.057 
4896 725.354 
4897 725.65 
4898 725.946 
4899 726.243 
4900 726.539 
4901 726.836 
4902 727.133 
4903 727.429 
4904 727.726 
4905 728.023 
4906 728.32 
4907 728.617 
4908 728.914 
4909 729.211 
4910 729.508 
4911 729.805 
4912 730.102 
4913 730.4 
4914 730.697 
4915 730.994 
4916 731.292 
4917 731.589 
4918 731.887 
4919 732.185 
4920 732.482 
4921 732.78 
4922 733.078 
4923 733.376 
4924 733.674 
4925 733.972 
4926 734.27 
4927 734.568 
4928 734.866 
4929 735.165 
4930 735.463 
4931 735.761 
4932 736.06 
4933 736.358 
4934 736.657 
4935 736.956 
4936 737.254 
4937 737.553 
4938 737.852 
4939 738.151 
4940 738.45 
4941 738.749 
4942 739.048 
4943 739.347 
4944 739.646 
4945 739.945 
4946 740.244 
4947 740.544 
4948 740.843 
4949 741.143 
4950 741.442 
4951 741.742 
4952 742.042 
4953 742.341 
4954 742.641 
4955 742.941 
4956 743.241 
4957 743.541 
4958 743.841 
4959 744.141 
4960 744.441 
4961 744.741 
4962 745.042 
4963 745.342 
4964 745.642 
4965 745.943 
4966 746.243 
4967 746.544 
4968 746.844 
4969 747.145 
4970 747.446 
4971 747.747 
4972 748.048 
4973 748.348 
4974 748.649 
4975 748.951 
4976 749.252 
4977 749.553 
4978 749.854 
4979 750.155 
4980 750.457 
4981 750.758 
4982 751.06 
4983 751.361 
4984 751.663 
4985 751.964 
4986 752.266 
4987 752.568 
4988 752.87 
4989 753.172 
4990 753.474 
4991 753.776 
4992 754.078 
4993 754.38 
4994 754.682 
4995 754.984 
4996 755.287 
4997 755.589 
4998 755.892 
4999 756.194 
5000 756.497 
5001 756.799 
5002 757.102 
5003 757.405 
5004 757.707 
5005 758.01 
5006 758.313 
5007 758.616 
5008 758.919 
5009 759.222 
5010 759.526 
5011 759.829 
5012 760.132 
5013 760.435 
5014 760.739 
5015 761.042 
5016 761.346 
5017 761.65 
5018 761.953 
5019 762.257 
5020 762.561 
5021 762.864 
5022 763.168 
5023 763.472 
5024 763.776 
5025 764.08 
5026 764.385 
5027 764.689 
5028 764.993 
5029 765.297 
5030 765.602 
5031 765.906 
5032 766.211 
5033 766.515 
5034 766.82 
5035 767.125 
5036 767.429 
5037 767.734 
5038 768.039 
5039 768.344 
5040 768.649 
5041 768.954 
5042 769.259 
5043 769.564 
5044 769.87 
5045 770.175 
5046 770.48 
5047 770.786 
5048 771.091 
5049 771.397 
5050 771.702 
5051 772.008 
5052 772.314 
5053 772.619 
5054 772.925 
5055 773.231 
5056 773.537 
5057 773.843 
5058 774.149 
5059 774.455 
5060 774.761 
5061 775.068 
5062 775.374 
5063 775.68 
5064 775.987 
5065 776.293 
5066 776.6 
5067 776.907 
5068 777.213 
5069 777.52 
5070 777.827 
5071 778.134 
5072 778.441 
5073 778.748 
5074 779.055 
5075 779.362 
5076 779.669 
5077 779.976 
5078 780.283 
5079 780.591 
5080 780.898 
5081 781.206 
5082 781.513 
5083 781.821 
5084 782.128 
5085 782.436 
5086 782.744 
5087 783.052 
5088 783.36 
5089 783.668 
5090 783.976 
5091 784.284 
5092 784.592 
5093 784.9 
5094 785.208 
5095 785.517 
5096 785.825 
5097 786.133 
5098 786.442 
5099 786.75 
5100 787.059 
5101 787.368 
5102 787.676 
5103 787.985 
5104 788.294 
5105 788.603 
5106 788.912 
5107 789.221 
5108 789.53 
5109 789.839 
5110 790.149 
5111 790.458 
5112 790.767 
5113 791.077 
5114 791.386 
5115 791.696 
5116 792.005 
5117 792.315 
5118 792.625 
5119 792.934 
5120 793.244 
5121 793.554 
5122 793.864 
5123 794.174 
5124 794.484 
5125 794.794 
5126 795.104 
5127 795.415 
5128 795.725 
5129 796.035 
5130 796.346 
5131 796.656 
5132 796.967 
5133 797.277 
5134 797.588 
5135 797.899 
5136 798.21 
5137 798.521 
5138 798.831 
5139 799.142 
5140 799.453 
5141 799.765 
5142 800.076 
5143 800.387 
5144 800.698 
5145 801.01 
5146 801.321 
5147 801.632 
5148 801.944 
5149 802.256 
5150 802.567 
5151 802.879 
5152 803.191 
5153 803.503 
5154 803.814 
5155 804.126 
5156 804.438 
5157 804.75 
5158 805.063 
5159 805.375 
5160 805.687 
5161 805.999 
5162 806.312 
5163 806.624 
5164 806.937 
5165 807.249 
5166 807.562 
5167 807.874 
5168 808.187 
5169 808.5 
5170 808.813 
5171 809.126 
5172 809.439 
5173 809.752 
5174 810.065 
5175 810.378 
5176 810.691 
5177 811.005 
5178 811.318 
5179 811.631 
5180 811.945 
5181 812.258 
5182 812.572 
5183 812.886 
5184 813.199 
5185 813.513 
5186 813.827 
5187 814.141 
5188 814.455 
5189 814.769 
5190 815.083 
5191 815.397 
5192 815.711 
5193 816.025 
5194 816.34 
5195 816.654 
5196 816.968 
5197 817.283 
5198 817.597 
5199 817.912 
5200 818.227 
5201 818.541 
5202 818.856 
5203 819.171 
5204 819.486 
5205 819.801 
5206 820.116 
5207 820.431 
5208 820.746 
5209 821.061 
5210 821.377 
5211 821.692 
5212 822.007 
5213 822.323 
5214 822.638 
5215 822.954 
5216 823.27 
5217 823.585 
5218 823.901 
5219 824.217 
5220 824.533 
5221 824.849 
5222 825.165 
5223 825.481 
5224 825.797 
5225 826.113 
5226 826.429 
5227 826.746 
5228 827.062 
5229 827.379 
5230 827.695 
5231 828.012 
5232 828.328 
5233 828.645 
5234 828.962 
5235 829.278 
5236 829.595 
5237 829.912 
5238 830.229 
5239 830.546 
5240 830.863 
5241 831.18 
5242 831.498 
5243 831.815 
5244 832.132 
5245 832.45 
5246 832.767 
5247 833.085 
5248 833.402 
5249 833.72 
5250 834.037 
5251 834.355 
5252 834.673 
5253 834.991 
5254 835.309 
5255 835.627 
5256 835.945 
5257 836.263 
5258 836.581 
5259 836.899 
5260 837.218 
5261 837.536 
5262 837.855 
5263 838.173 
5264 838.492 
5265 838.81 
5266 839.129 
5267 839.448 
5268 839.766 
5269 840.085 
5270 840.404 
5271 840.723 
5272 841.042 
5273 841.361 
5274 841.68 
5275 842 
5276 842.319 
5277 842.638 
5278 842.958 
5279 843.277 
5280 843.597 
5281 843.916 
5282 844.236 
5283 844.555 
5284 844.875 
5285 845.195 
5286 845.515 
5287 845.835 
5288 846.155 
5289 846.475 
5290 846.795 
5291 847.115 
5292 847.435 
5293 847.756 
5294 848.076 
5295 848.397 
5296 848.717 
5297 849.038 
5298 849.358 
5299 849.679 
5300 850 
5301 850.32 
5302 850.641 
5303 850.962 
5304 851.283 
5305 851.604 
5306 851.925 
5307 852.246 
5308 852.568 
5309 852.889 
5310 853.21 
5311 853.532 
5312 853.853 
5313 854.174 
5314 854.496 
5315 854.818 
5316 855.139 
5317 855.461 
5318 855.783 
5319 856.105 
5320 856.427 
5321 856.749 
5322 857.071 
5323 857.393 
5324 857.715 
5325 858.037 
5326 858.36 
5327 858.682 
5328 859.004 
5329 859.327 
5330 859.649 
5331 859.972 
5332 860.295 
5333 860.617 
5334 860.94 
5335 861.263 
5336 861.586 
5337 861.909 
5338 862.232 
5339 862.555 
5340 862.878 
5341 863.201 
5342 863.525 
5343 863.848 
5344 864.171 
5345 864.495 
5346 864.818 
5347 865.142 
5348 865.465 
5349 865.789 
5350 866.113 
5351 866.437 
5352 866.761 
5353 867.085 
5354 867.409 
5355 867.733 
5356 868.057 
5357 868.381 
5358 868.705 
5359 869.029 
5360 869.354 
5361 869.678 
5362 870.003 
5363 870.327 
5364 870.652 
5365 870.976 
5366 871.301 
5367 871.626 
5368 871.951 
5369 872.276 
5370 872.601 
5371 872.926 
5372 873.251 
5373 873.576 
5374 873.901 
5375 874.226 
5376 874.552 
5377 874.877 
5378 875.203 
5379 875.528 
5380 875.854 
5381 876.179 
5382 876.505 
5383 876.831 
5384 877.156 
5385 877.482 
5386 877.808 
5387 878.134 
5388 878.46 
5389 878.786 
5390 879.113 
5391 879.439 
5392 879.765 
5393 880.091 
5394 880.418 
5395 880.744 
5396 881.071 
5397 881.397 
5398 881.724 
5399 882.051 
5400 882.378 
5401 882.704 
5402 883.031 
5403 883.358 
5404 883.685 
5405 884.012 
5406 884.34 
5407 884.667 
5408 884.994 
5409 885.321 
5410 885.649 
5411 885.976 
5412 886.304 
5413 886.631 
5414 886.959 
5415 887.287 
5416 887.614 
5417 887.942 
5418 888.27 
5419 888.598 
5420 888.926 
5421 889.254 
5422 889.582 
5423 889.91 
5424 890.238 
5425 890.567 
5426 890.895 
5427 891.223 
5428 891.552 
5429 891.88 
5430 892.209 
5431 892.538 
5432 892.866 
5433 893.195 
5434 893.524 
5435 893.853 
5436 894.182 
5437 894.511 
5438 894.84 
5439 895.169 
5440 895.498 
5441 895.828 
5442 896.157 
5443 896.486 
5444 896.816 
5445 897.145 
5446 897.475 
5447 897.804 
5448 898.134 
5449 898.464 
5450 898.794 
5451 899.123 
5452 899.453 
5453 899.783 
5454 900.113 
5455 900.444 
5456 900.774 
5457 901.104 
5458 901.434 
5459 901.765 
5460 902.095 
5461 902.425 
5462 902.756 
5463 903.087 
5464 903.417 
5465 903.748 
5466 904.079 
5467 904.409 
5468 904.74 
5469 905.071 
5470 905.402 
5471 905.733 
5472 906.065 
5473 906.396 
5474 906.727 
5475 907.058 
5476 907.39 
5477 907.721 
5478 908.053 
5479 908.384 
5480 908.716 
5481 909.047 
5482 909.379 
5483 909.711 
5484 910.043 
5485 910.375 
5486 910.707 
5487 911.039 
5488 911.371 
5489 911.703 
5490 912.035 
5491 912.368 
5492 912.7 
5493 913.032 
5494 913.365 
5495 913.697 
5496 914.03 
5497 914.363 
5498 914.695 
5499 915.028 
5500 915.361 
5501 915.694 
5502 916.027 
5503 916.36 
5504 916.693 
5505 917.026 
5506 917.359 
5507 917.692 
5508 918.026 
5509 918.359 
5510 918.692 
5511 919.026 
5512 919.36 
5513 919.693 
5514 920.027 
5515 920.361 
5516 920.694 
5517 921.028 
5518 921.362 
5519 921.696 
5520 922.03 
5521 922.364 
5522 922.698 
5523 923.033 
5524 923.367 
5525 923.701 
5526 924.036 
5527 924.37 
5528 924.705 
5529 925.039 
5530 925.374 
5531 925.709 
5532 926.043 
5533 926.378 
5534 926.713 
5535 927.048 
5536 927.383 
5537 927.718 
5538 928.053 
5539 928.388 
5540 928.724 
5541 929.059 
5542 929.394 
5543 929.73 
5544 930.065 
5545 930.401 
5546 930.736 
5547 931.072 
5548 931.408 
5549 931.744 
5550 932.079 
5551 932.415 
5552 932.751 
5553 933.087 
5554 933.423 
5555 933.76 
5556 934.096 
5557 934.432 
5558 934.768 
5559 935.105 
5560 935.441 
5561 935.778 
5562 936.114 
5563 936.451 
5564 936.788 
5565 937.125 
5566 937.461 
5567 937.798 
5568 938.135 
5569 938.472 
5570 938.809 
5571 939.146 
5572 939.484 
5573 939.821 
5574 940.158 
5575 940.495 
5576 940.833 
5577 941.17 
5578 941.508 
5579 941.846 
5580 942.183 
5581 942.521 
5582 942.859 
5583 943.197 
5584 943.534 
5585 943.872 
5586 944.21 
5587 944.549 
5588 944.887 
5589 945.225 
5590 945.563 
5591 945.902 
5592 946.24 
5593 946.578 
5594 946.917 
5595 947.256 
5596 947.594 
5597 947.933 
5598 948.272 
5599 948.61 
5600 948.949 
5601 949.288 
5602 949.627 
5603 949.966 
5604 950.305 
5605 950.645 
5606 950.984 
5607 951.323 
5608 951.663 
5609 952.002 
5610 952.341 
5611 952.681 
5612 953.021 
5613 953.36 
5614 953.7 
5615 954.04 
5616 954.38 
5617 954.72 
5618 955.059 
5619 955.4 
5620 955.74 
5621 956.08 
5622 956.42 
5623 956.76 
5624 957.101 
5625 957.441 
5626 957.781 
5627 958.122 
5628 958.463 
5629 958.803 
5630 959.144 
5631 959.485 
5632 959.825 
5633 960.166 
5634 960.507 
5635 960.848 
5636 961.189 
5637 961.53 
5638 961.872 
5639 962.213 
5640 962.554 
5641 962.895 
5642 963.237 
5643 963.578 
5644 963.92 
5645 964.262 
5646 964.603 
5647 964.945 
5648 965.287 
5649 965.629 
5650 965.97 
5651 966.312 
5652 966.654 
5653 966.997 
5654 967.339 
5655 967.681 
5656 968.023 
5657 968.366 
5658 968.708 
5659 969.05 
5660 969.393 
5661 969.735 
5662 970.078 
5663 970.421 
5664 970.764 
5665 971.106 
5666 971.449 
5667 971.792 
5668 972.135 
5669 972.478 
5670 972.821 
5671 973.164 
5672 973.508 
5673 973.851 
5674 974.194 
5675 974.538 
5676 974.881 
5677 975.225 
5678 975.568 
5679 975.912 
5680 976.256 
5681 976.6 
5682 976.943 
5683 977.287 
5684 977.631 
5685 977.975 
5686 978.319 
5687 978.664 
5688 979.008 
5689 979.352 
5690 979.696 
5691 980.041 
5692 980.385 
5693 980.73 
5694 981.074 
5695 981.419 
5696 981.764 
5697 982.108 
5698 982.453 
5699 982.798 
5700 983.143 
5701 983.488 
5702 983.833 
5703 984.178 
5704 984.523 
5705 984.869 
5706 985.214 
5707 985.559 
5708 985.905 
5709 986.25 
5710 986.596 
5711 986.941 
5712 987.287 
5713 987.633 
5714 987.978 
5715 988.324 
5716 988.67 
5717 989.016 
5718 989.362 
5719 989.708 
5720 990.054 
5721 990.401 
5722 990.747 
5723 991.093 
5724 991.439 
5725 991.786 
5726 992.132 
5727 992.479 
5728 992.826 
5729 993.172 
5730 993.519 
5731 993.866 
5732 994.213 
5733 994.56 
5734 994.907 
5735 995.254 
5736 995.601 
5737 995.948 
5738 996.295 
5739 996.643 
5740 996.99 
5741 997.337 
5742 997.685 
5743 998.032 
5744 998.38 
5745 998.728 
5746 999.075 
5747 999.423 
5748 999.771 
5749 1000.12 
5750 1000.47 
5751 1000.81 
5752 1001.16 
5753 1001.51 
5754 1001.86 
5755 1002.21 
5756 1002.56 
5757 1002.9 
5758 1003.25 
5759 1003.6 
5760 1003.95 
5761 1004.3 
5762 1004.65 
5763 1005 
5764 1005.34 
5765 1005.69 
5766 1006.04 
5767 1006.39 
5768 1006.74 
5769 1007.09 
5770 1007.44 
5771 1007.79 
5772 1008.14 
5773 1008.49 
5774 1008.84 
5775 1009.19 
5776 1009.53 
5777 1009.88 
5778 1010.23 
5779 1010.58 
5780 1010.93 
5781 1011.28 
5782 1011.63 
5783 1011.98 
5784 1012.33 
5785 1012.68 
5786 1013.03 
5787 1013.38 
5788 1013.73 
5789 1014.08 
5790 1014.43 
5791 1014.79 
5792 1015.14 
5793 1015.49 
5794 1015.84 
5795 1016.19 
5796 1016.54 
5797 1016.89 
5798 1017.24 
5799 1017.59 
5800 1017.94 
5801 1018.29 
5802 1018.64 
5803 1019 
5804 1019.35 
5805 1019.7 
5806 1020.05 
5807 1020.4 
5808 1020.75 
5809 1021.1 
5810 1021.45 
5811 1021.81 
5812 1022.16 
5813 1022.51 
5814 1022.86 
5815 1023.21 
5816 1023.57 
5817 1023.92 
5818 1024.27 
5819 1024.62 
5820 1024.97 
5821 1025.33 
5822 1025.68 
5823 1026.03 
5824 1026.38 
5825 1026.74 
5826 1027.09 
5827 1027.44 
5828 1027.79 
5829 1028.15 
5830 1028.5 
5831 1028.85 
5832 1029.21 
5833 1029.56 
5834 1029.91 
5835 1030.26 
5836 1030.62 
5837 1030.97 
5838 1031.32 
5839 1031.68 
5840 1032.03 
5841 1032.38 
5842 1032.74 
5843 1033.09 
5844 1033.45 
5845 1033.8 
5846 1034.15 
5847 1034.51 
5848 1034.86 
5849 1035.21 
5850 1035.57 
5851 1035.92 
5852 1036.28 
5853 1036.63 
5854 1036.98 
5855 1037.34 
5856 1037.69 
5857 1038.05 
5858 1038.4 
5859 1038.76 
5860 1039.11 
5861 1039.47 
5862 1039.82 
5863 1040.18 
5864 1040.53 
5865 1040.89 
5866 1041.24 
5867 1041.6 
5868 1041.95 
5869 1042.31 
5870 1042.66 
5871 1043.02 
5872 1043.37 
5873 1043.73 
5874 1044.08 
5875 1044.44 
5876 1044.79 
5877 1045.15 
5878 1045.51 
5879 1045.86 
5880 1046.22 
5881 1046.57 
5882 1046.93 
5883 1047.28 
5884 1047.64 
5885 1048 
5886 1048.35 
5887 1048.71 
5888 1049.07 
5889 1049.42 
5890 1049.78 
5891 1050.13 
5892 1050.49 
5893 1050.85 
5894 1051.2 
5895 1051.56 
5896 1051.92 
5897 1052.27 
5898 1052.63 
5899 1052.99 
5900 1053.35 
5901 1053.7 
5902 1054.06 
5903 1054.42 
5904 1054.77 
5905 1055.13 
5906 1055.49 
5907 1055.85 
5908 1056.2 
5909 1056.56 
5910 1056.92 
5911 1057.28 
5912 1057.63 
5913 1057.99 
5914 1058.35 
5915 1058.71 
5916 1059.07 
5917 1059.42 
5918 1059.78 
5919 1060.14 
5920 1060.5 
5921 1060.86 
5922 1061.22 
5923 1061.57 
5924 1061.93 
5925 1062.29 
5926 1062.65 
5927 1063.01 
5928 1063.37 
5929 1063.73 
5930 1064.09 
5931 1064.44 
5932 1064.8 
5933 1065.16 
5934 1065.52 
5935 1065.88 
5936 1066.24 
5937 1066.6 
5938 1066.96 
5939 1067.32 
5940 1067.68 
5941 1068.04 
5942 1068.4 
5943 1068.76 
5944 1069.12 
5945 1069.48 
5946 1069.83 
5947 1070.19 
5948 1070.55 
5949 1070.91 
5950 1071.27 
5951 1071.63 
5952 1072 
5953 1072.36 
5954 1072.72 
5955 1073.08 
5956 1073.44 
5957 1073.8 
5958 1074.16 
5959 1074.52 
5960 1074.88 
5961 1075.24 
5962 1075.6 
5963 1075.96 
5964 1076.32 
5965 1076.68 
5966 1077.04 
5967 1077.41 
5968 1077.77 
5969 1078.13 
5970 1078.49 
5971 1078.85 
5972 1079.21 
5973 1079.57 
5974 1079.93 
5975 1080.3 
5976 1080.66 
5977 1081.02 
5978 1081.38 
5979 1081.74 
5980 1082.1 
5981 1082.47 
5982 1082.83 
5983 1083.19 
5984 1083.55 
5985 1083.92 
5986 1084.28 
5987 1084.64 
5988 1085 
5989 1085.36 
5990 1085.73 
5991 1086.09 
5992 1086.45 
5993 1086.81 
5994 1087.18 
5995 1087.54 
5996 1087.9 
5997 1088.27 
5998 1088.63 
5999 1088.99 
6000 1089.36 
6001 1089.72 
6002 1090.08 
6003 1090.44 
6004 1090.81 
6005 1091.17 
6006 1091.53 
6007 1091.9 
6008 1092.26 
6009 1092.63 
6010 1092.99 
6011 1093.35 
6012 1093.72 
6013 1094.08 
6014 1094.44 
6015 1094.81 
6016 1095.17 
6017 1095.54 
6018 1095.9 
6019 1096.27 
6020 1096.63 
6021 1096.99 
6022 1097.36 
6023 1097.72 
6024 1098.09 
6025 1098.45 
6026 1098.82 
6027 1099.18 
6028 1099.55 
6029 1099.91 
6030 1100.28 
6031 1100.64 
6032 1101.01 
6033 1101.37 
6034 1101.74 
6035 1102.1 
6036 1102.47 
6037 1102.83 
6038 1103.2 
6039 1103.56 
6040 1103.93 
6041 1104.29 
6042 1104.66 
6043 1105.03 
6044 1105.39 
6045 1105.76 
6046 1106.12 
6047 1106.49 
6048 1106.85 
6049 1107.22 
6050 1107.59 
6051 1107.95 
6052 1108.32 
6053 1108.69 
6054 1109.05 
6055 1109.42 
6056 1109.78 
6057 1110.15 
6058 1110.52 
6059 1110.88 
6060 1111.25 
6061 1111.62 
6062 1111.98 
6063 1112.35 
6064 1112.72 
6065 1113.09 
6066 1113.45 
6067 1113.82 
6068 1114.19 
6069 1114.55 
6070 1114.92 
6071 1115.29 
6072 1115.66 
6073 1116.02 
6074 1116.39 
6075 1116.76 
6076 1117.13 
6077 1117.49 
6078 1117.86 
6079 1118.23 
6080 1118.6 
6081 1118.97 
6082 1119.33 
6083 1119.7 
6084 1120.07 
6085 1120.44 
6086 1120.81 
6087 1121.18 
6088 1121.54 
6089 1121.91 
6090 1122.28 
6091 1122.65 
6092 1123.02 
6093 1123.39 
6094 1123.76 
6095 1124.12 
6096 1124.49 
6097 1124.86 
6098 1125.23 
6099 1125.6 
6100 1125.97 
6101 1126.34 
6102 1126.71 
6103 1127.08 
6104 1127.45 
6105 1127.82 
6106 1128.19 
6107 1128.56 
6108 1128.92 
6109 1129.29 
6110 1129.66 
6111 1130.03 
6112 1130.4 
6113 1130.77 
6114 1131.14 
6115 1131.51 
6116 1131.88 
6117 1132.25 
6118 1132.62 
6119 1132.99 
6120 1133.37 
6121 1133.74 
6122 1134.11 
6123 1134.48 
6124 1134.85 
6125 1135.22 
6126 1135.59 
6127 1135.96 
6128 1136.33 
6129 1136.7 
6130 1137.07 
6131 1137.44 
6132 1137.81 
6133 1138.19 
6134 1138.56 
6135 1138.93 
6136 1139.3 
6137 1139.67 
6138 1140.04 
6139 1140.41 
6140 1140.78 
6141 1141.16 
6142 1141.53 
6143 1141.9 
6144 1142.27 
6145 1142.64 
6146 1143.02 
6147 1143.39 
6148 1143.76 
6149 1144.13 
6150 1144.5 
6151 1144.88 
6152 1145.25 
6153 1145.62 
6154 1145.99 
6155 1146.37 
6156 1146.74 
6157 1147.11 
6158 1147.48 
6159 1147.86 
6160 1148.23 
6161 1148.6 
6162 1148.97 
6163 1149.35 
6164 1149.72 
6165 1150.09 
6166 1150.47 
6167 1150.84 
6168 1151.21 
6169 1151.59 
6170 1151.96 
6171 1152.33 
6172 1152.71 
6173 1153.08 
6174 1153.45 
6175 1153.83 
6176 1154.2 
6177 1154.58 
6178 1154.95 
6179 1155.32 
6180 1155.7 
6181 1156.07 
6182 1156.44 
6183 1156.82 
6184 1157.19 
6185 1157.57 
6186 1157.94 
6187 1158.32 
6188 1158.69 
6189 1159.07 
6190 1159.44 
6191 1159.81 
6192 1160.19 
6193 1160.56 
6194 1160.94 
6195 1161.31 
6196 1161.69 
6197 1162.06 
6198 1162.44 
6199 1162.81 
6200 1163.19 
6201 1163.56 
6202 1163.94 
6203 1164.32 
6204 1164.69 
6205 1165.07 
6206 1165.44 
6207 1165.82 
6208 1166.19 
6209 1166.57 
6210 1166.94 
6211 1167.32 
6212 1167.7 
6213 1168.07 
6214 1168.45 
6215 1168.82 
6216 1169.2 
6217 1169.58 
6218 1169.95 
6219 1170.33 
6220 1170.71 
6221 1171.08 
6222 1171.46 
6223 1171.84 
6224 1172.21 
6225 1172.59 
6226 1172.97 
6227 1173.34 
6228 1173.72 
6229 1174.1 
6230 1174.47 
6231 1174.85 
6232 1175.23 
6233 1175.6 
6234 1175.98 
6235 1176.36 
6236 1176.74 
6237 1177.11 
6238 1177.49 
6239 1177.87 
6240 1178.25 
6241 1178.62 
6242 1179 
6243 1179.38 
6244 1179.76 
6245 1180.14 
6246 1180.51 
6247 1180.89 
6248 1181.27 
6249 1181.65 
6250 1182.03 
6251 1182.4 
6252 1182.78 
6253 1183.16 
6254 1183.54 
6255 1183.92 
6256 1184.3 
6257 1184.68 
6258 1185.05 
6259 1185.43 
6260 1185.81 
6261 1186.19 
6262 1186.57 
6263 1186.95 
6264 1187.33 
6265 1187.71 
6266 1188.09 
6267 1188.46 
6268 1188.84 
6269 1189.22 
6270 1189.6 
6271 1189.98 
6272 1190.36 
6273 1190.74 
6274 1191.12 
6275 1191.5 
6276 1191.88 
6277 1192.26 
6278 1192.64 
6279 1193.02 
6280 1193.4 
6281 1193.78 
6282 1194.16 
6283 1194.54 
6284 1194.92 
6285 1195.3 
6286 1195.68 
6287 1196.06 
6288 1196.44 
6289 1196.82 
6290 1197.2 
6291 1197.58 
6292 1197.97 
6293 1198.35 
6294 1198.73 
6295 1199.11 
6296 1199.49 
6297 1199.87 
6298 1200.25 
6299 1200.63 
6300 1201.01 
6301 1201.4 
6302 1201.78 
6303 1202.16 
6304 1202.54 
6305 1202.92 
6306 1203.3 
6307 1203.68 
6308 1204.07 
6309 1204.45 
6310 1204.83 
6311 1205.21 
6312 1205.59 
6313 1205.98 
6314 1206.36 
6315 1206.74 
6316 1207.12 
6317 1207.5 
6318 1207.89 
6319 1208.27 
6320 1208.65 
6321 1209.03 
6322 1209.42 
6323 1209.8 
6324 1210.18 
6325 1210.56 
6326 1210.95 
6327 1211.33 
6328 1211.71 
6329 1212.1 
6330 1212.48 
6331 1212.86 
6332 1213.25 
6333 1213.63 
6334 1214.01 
6335 1214.4 
6336 1214.78 
6337 1215.16 
6338 1215.55 
6339 1215.93 
6340 1216.31 
6341 1216.7 
6342 1217.08 
6343 1217.46 
6344 1217.85 
6345 1218.23 
6346 1218.62 
6347 1219 
6348 1219.38 
6349 1219.77 
6350 1220.15 
6351 1220.54 
6352 1220.92 
6353 1221.31 
6354 1221.69 
6355 1222.08 
6356 1222.46 
6357 1222.84 
6358 1223.23 
6359 1223.61 
6360 1224 
6361 1224.38 
6362 1224.77 
6363 1225.15 
6364 1225.54 
6365 1225.92 
6366 1226.31 
6367 1226.7 
6368 1227.08 
6369 1227.47 
6370 1227.85 
6371 1228.24 
6372 1228.62 
6373 1229.01 
6374 1229.39 
6375 1229.78 
6376 1230.17 
6377 1230.55 
6378 1230.94 
6379 1231.32 
6380 1231.71 
6381 1232.1 
6382 1232.48 
6383 1232.87 
6384 1233.25 
6385 1233.64 
6386 1234.03 
6387 1234.41 
6388 1234.8 
6389 1235.19 
6390 1235.57 
6391 1235.96 
6392 1236.35 
6393 1236.73 
6394 1237.12 
6395 1237.51 
6396 1237.9 
6397 1238.28 
6398 1238.67 
6399 1239.06 
6400 1239.44 
6401 1239.83 
6402 1240.22 
6403 1240.61 
6404 1240.99 
6405 1241.38 
6406 1241.77 
6407 1242.16 
6408 1242.54 
6409 1242.93 
6410 1243.32 
6411 1243.71 
6412 1244.1 
6413 1244.48 
6414 1244.87 
6415 1245.26 
6416 1245.65 
6417 1246.04 
6418 1246.43 
6419 1246.81 
6420 1247.2 
6421 1247.59 
6422 1247.98 
6423 1248.37 
6424 1248.76 
6425 1249.15 
6426 1249.53 
6427 1249.92 
6428 1250.31 
6429 1250.7 
6430 1251.09 
6431 1251.48 
6432 1251.87 
6433 1252.26 
6434 1252.65 
6435 1253.04 
6436 1253.43 
6437 1253.82 
6438 1254.21 
6439 1254.6 
6440 1254.99 
6441 1255.38 
6442 1255.77 
6443 1256.15 
6444 1256.54 
6445 1256.93 
6446 1257.33 
6447 1257.72 
6448 1258.11 
6449 1258.5 
6450 1258.89 
6451 1259.28 
6452 1259.67 
6453 1260.06 
6454 1260.45 
6455 1260.84 
6456 1261.23 
6457 1261.62 
6458 1262.01 
6459 1262.4 
6460 1262.79 
6461 1263.18 
6462 1263.57 
6463 1263.97 
6464 1264.36 
6465 1264.75 
6466 1265.14 
6467 1265.53 
6468 1265.92 
6469 1266.31 
6470 1266.71 
6471 1267.1 
6472 1267.49 
6473 1267.88 
6474 1268.27 
6475 1268.66 
6476 1269.06 
6477 1269.45 
6478 1269.84 
6479 1270.23 
6480 1270.62 
6481 1271.02 
6482 1271.41 
6483 1271.8 
6484 1272.19 
6485 1272.59 
6486 1272.98 
6487 1273.37 
6488 1273.76 
6489 1274.16 
6490 1274.55 
6491 1274.94 
6492 1275.33 
6493 1275.73 
6494 1276.12 
6495 1276.51 
6496 1276.91 
6497 1277.3 
6498 1277.69 
6499 1278.09 
6500 1278.48 
6501 1278.87 
6502 1279.27 
6503 1279.66 
6504 1280.05 
6505 1280.45 
6506 1280.84 
6507 1281.23 
6508 1281.63 
6509 1282.02 
6510 1282.42 
6511 1282.81 
6512 1283.2 
6513 1283.6 
6514 1283.99 
6515 1284.39 
6516 1284.78 
6517 1285.18 
6518 1285.57 
6519 1285.96 
6520 1286.36 
6521 1286.75 
6522 1287.15 
6523 1287.54 
6524 1287.94 
6525 1288.33 
6526 1288.73 
6527 1289.12 
6528 1289.52 
6529 1289.91 
6530 1290.31 
6531 1290.7 
6532 1291.1 
6533 1291.49 
6534 1291.89 
6535 1292.28 
6536 1292.68 
6537 1293.08 
6538 1293.47 
6539 1293.87 
6540 1294.26 
6541 1294.66 
6542 1295.05 
6543 1295.45 
6544 1295.85 
6545 1296.24 
6546 1296.64 
6547 1297.03 
6548 1297.43 
6549 1297.83 
6550 1298.22 
6551 1298.62 
6552 1299.02 
6553 1299.41 
6554 1299.81 
6555 1300.21 
6556 1300.6 
6557 1301 
6558 1301.4 
6559 1301.79 
6560 1302.19 
6561 1302.59 
6562 1302.98 
6563 1303.38 
6564 1303.78 
6565 1304.18 
6566 1304.57 
6567 1304.97 
6568 1305.37 
6569 1305.77 
6570 1306.16 
6571 1306.56 
6572 1306.96 
6573 1307.36 
6574 1307.75 
6575 1308.15 
6576 1308.55 
6577 1308.95 
6578 1309.35 
6579 1309.74 
6580 1310.14 
6581 1310.54 
6582 1310.94 
6583 1311.34 
6584 1311.74 
6585 1312.13 
6586 1312.53 
6587 1312.93 
6588 1313.33 
6589 1313.73 
6590 1314.13 
6591 1314.53 
6592 1314.93 
6593 1315.33 
6594 1315.72 
6595 1316.12 
6596 1316.52 
6597 1316.92 
6598 1317.32 
6599 1317.72 
6600 1318.12 
6601 1318.52 
6602 1318.92 
6603 1319.32 
6604 1319.72 
6605 1320.12 
6606 1320.52 
6607 1320.92 
6608 1321.32 
6609 1321.72 
6610 1322.12 
6611 1322.52 
6612 1322.92 
6613 1323.32 
6614 1323.72 
6615 1324.12 
6616 1324.52 
6617 1324.92 
6618 1325.32 
6619 1325.72 
6620 1326.12 
6621 1326.52 
6622 1326.92 
6623 1327.32 
6624 1327.72 
6625 1328.12 
6626 1328.53 
6627 1328.93 
6628 1329.33 
6629 1329.73 
6630 1330.13 
6631 1330.53 
6632 1330.93 
6633 1331.33 
6634 1331.74 
6635 1332.14 
6636 1332.54 
6637 1332.94 
6638 1333.34 
6639 1333.74 
6640 1334.15 
6641 1334.55 
6642 1334.95 
6643 1335.35 
6644 1335.75 
6645 1336.16 
6646 1336.56 
6647 1336.96 
6648 1337.36 
6649 1337.76 
6650 1338.17 
6651 1338.57 
6652 1338.97 
6653 1339.37 
6654 1339.78 
6655 1340.18 
6656 1340.58 
6657 1340.99 
6658 1341.39 
6659 1341.79 
6660 1342.19 
6661 1342.6 
6662 1343 
6663 1343.4 
6664 1343.81 
6665 1344.21 
6666 1344.61 
6667 1345.02 
6668 1345.42 
6669 1345.82 
6670 1346.23 
6671 1346.63 
6672 1347.04 
6673 1347.44 
6674 1347.84 
6675 1348.25 
6676 1348.65 
6677 1349.06 
6678 1349.46 
6679 1349.86 
6680 1350.27 
6681 1350.67 
6682 1351.08 
6683 1351.48 
6684 1351.89 
6685 1352.29 
6686 1352.69 
6687 1353.1 
6688 1353.5 
6689 1353.91 
6690 1354.31 
6691 1354.72 
6692 1355.12 
6693 1355.53 
6694 1355.93 
6695 1356.34 
6696 1356.74 
6697 1357.15 
6698 1357.55 
6699 1357.96 
6700 1358.37 
6701 1358.77 
6702 1359.18 
6703 1359.58 
6704 1359.99 
6705 1360.39 
6706 1360.8 
6707 1361.21 
6708 1361.61 
6709 1362.02 
6710 1362.42 
6711 1362.83 
6712 1363.24 
6713 1363.64 
6714 1364.05 
6715 1364.45 
6716 1364.86 
6717 1365.27 
6718 1365.67 
6719 1366.08 
6720 1366.49 
6721 1366.89 
6722 1367.3 
6723 1367.71 
6724 1368.11 
6725 1368.52 
6726 1368.93 
6727 1369.34 
6728 1369.74 
6729 1370.15 
6730 1370.56 
6731 1370.96 
6732 1371.37 
6733 1371.78 
6734 1372.19 
6735 1372.59 
6736 1373 
6737 1373.41 
6738 1373.82 
6739 1374.23 
6740 1374.63 
6741 1375.04 
6742 1375.45 
6743 1375.86 
6744 1376.27 
6745 1376.67 
6746 1377.08 
6747 1377.49 
6748 1377.9 
6749 1378.31 
6750 1378.71 
6751 1379.12 
6752 1379.53 
6753 1379.94 
6754 1380.35 
6755 1380.76 
6756 1381.17 
6757 1381.58 
6758 1381.98 
6759 1382.39 
6760 1382.8 
6761 1383.21 
6762 1383.62 
6763 1384.03 
6764 1384.44 
6765 1384.85 
6766 1385.26 
6767 1385.67 
6768 1386.08 
6769 1386.49 
6770 1386.9 
6771 1387.31 
6772 1387.72 
6773 1388.13 
6774 1388.54 
6775 1388.95 
6776 1389.36 
6777 1389.77 
6778 1390.18 
6779 1390.59 
6780 1391 
6781 1391.41 
6782 1391.82 
6783 1392.23 
6784 1392.64 
6785 1393.05 
6786 1393.46 
6787 1393.87 
6788 1394.28 
6789 1394.69 
6790 1395.1 
6791 1395.51 
6792 1395.93 
6793 1396.34 
6794 1396.75 
6795 1397.16 
6796 1397.57 
6797 1397.98 
6798 1398.39 
6799 1398.8 
6800 1399.22 
6801 1399.63 
6802 1400.04 
6803 1400.45 
6804 1400.86 
6805 1401.27 
6806 1401.69 
6807 1402.1 
6808 1402.51 
6809 1402.92 
6810 1403.33 
6811 1403.75 
6812 1404.16 
6813 1404.57 
6814 1404.98 
6815 1405.4 
6816 1405.81 
6817 1406.22 
6818 1406.63 
6819 1407.05 
6820 1407.46 
6821 1407.87 
6822 1408.28 
6823 1408.7 
6824 1409.11 
6825 1409.52 
6826 1409.94 
6827 1410.35 
6828 1410.76 
6829 1411.18 
6830 1411.59 
6831 1412 
6832 1412.42 
6833 1412.83 
6834 1413.24 
6835 1413.66 
6836 1414.07 
6837 1414.48 
6838 1414.9 
6839 1415.31 
6840 1415.73 
6841 1416.14 
6842 1416.55 
6843 1416.97 
6844 1417.38 
6845 1417.8 
6846 1418.21 
6847 1418.63 
6848 1419.04 
6849 1419.45 
6850 1419.87 
6851 1420.28 
6852 1420.7 
6853 1421.11 
6854 1421.53 
6855 1421.94 
6856 1422.36 
6857 1422.77 
6858 1423.19 
6859 1423.6 
6860 1424.02 
6861 1424.43 
6862 1424.85 
6863 1425.26 
6864 1425.68 
6865 1426.09 
6866 1426.51 
6867 1426.92 
6868 1427.34 
6869 1427.76 
6870 1428.17 
6871 1428.59 
6872 1429 
6873 1429.42 
6874 1429.84 
6875 1430.25 
6876 1430.67 
6877 1431.08 
6878 1431.5 
6879 1431.92 
6880 1432.33 
6881 1432.75 
6882 1433.17 
6883 1433.58 
6884 1434 
6885 1434.42 
6886 1434.83 
6887 1435.25 
6888 1435.67 
6889 1436.08 
6890 1436.5 
6891 1436.92 
6892 1437.33 
6893 1437.75 
6894 1438.17 
6895 1438.58 
6896 1439 
6897 1439.42 
6898 1439.84 
6899 1440.25 
6900 1440.67 
6901 1441.09 
6902 1441.51 
6903 1441.93 
6904 1442.34 
6905 1442.76 
6906 1443.18 
6907 1443.6 
6908 1444.01 
6909 1444.43 
6910 1444.85 
6911 1445.27 
6912 1445.69 
6913 1446.11 
6914 1446.52 
6915 1446.94 
6916 1447.36 
6917 1447.78 
6918 1448.2 
6919 1448.62 
6920 1449.04 
6921 1449.45 
6922 1449.87 
6923 1450.29 
6924 1450.71 
6925 1451.13 
6926 1451.55 
6927 1451.97 
6928 1452.39 
6929 1452.81 
6930 1453.23 
6931 1453.65 
6932 1454.07 
6933 1454.49 
6934 1454.9 
6935 1455.32 
6936 1455.74 
6937 1456.16 
6938 1456.58 
6939 1457 
6940 1457.42 
6941 1457.84 
6942 1458.26 
6943 1458.68 
6944 1459.1 
6945 1459.52 
6946 1459.95 
6947 1460.37 
6948 1460.79 
6949 1461.21 
6950 1461.63 
6951 1462.05 
6952 1462.47 
6953 1462.89 
6954 1463.31 
6955 1463.73 
6956 1464.15 
6957 1464.57 
6958 1464.99 
6959 1465.41 
6960 1465.84 
6961 1466.26 
6962 1466.68 
6963 1467.1 
6964 1467.52 
6965 1467.94 
6966 1468.36 
6967 1468.79 
6968 1469.21 
6969 1469.63 
6970 1470.05 
6971 1470.47 
6972 1470.9 
6973 1471.32 
6974 1471.74 
6975 1472.16 
6976 1472.58 
6977 1473.01 
6978 1473.43 
6979 1473.85 
6980 1474.27 
6981 1474.7 
6982 1475.12 
6983 1475.54 
6984 1475.96 
6985 1476.39 
6986 1476.81 
6987 1477.23 
6988 1477.65 
6989 1478.08 
6990 1478.5 
6991 1478.92 
6992 1479.35 
6993 1479.77 
6994 1480.19 
6995 1480.62 
6996 1481.04 
6997 1481.46 
6998 1481.89 
6999 1482.31 
7000 1482.73 
