time msd[001] ave
5 0.0105469 
10 0.019847 
15 0.0289315 
20 0.0378635 
25 0.0462658 
30 0.0545718 
35 0.0628768 
40 0.0720097 
45 0.0811706 
50 0.0908798 
55 0.100754 
60 0.111729 
65 0.122206 
70 0.132985 
75 0.144029 
80 0.155796 
85 0.167375 
90 0.179024 
95 0.190189 
100 0.201995 
105 0.214018 
110 0.225194 
115 0.236804 
120 0.249174 
125 0.262056 
130 0.275135 
135 0.288118 
140 0.302483 
145 0.317343 
150 0.333449 
155 0.349643 
160 0.365312 
165 0.382409 
170 0.399961 
175 0.417673 
180 0.435335 
185 0.452881 
190 0.470651 
195 0.489619 
200 0.509004 
205 0.52835 
210 0.54768 
215 0.566009 
220 0.585099 
225 0.604074 
230 0.62386 
235 0.643894 
240 0.663864 
245 0.684621 
250 0.706019 
255 0.726579 
260 0.748113 
265 0.770656 
270 0.792989 
275 0.816403 
280 0.841556 
285 0.865996 
290 0.890182 
295 0.915193 
300 0.941288 
305 0.968122 
310 0.995176 
315 1.02245 
320 1.04888 
325 1.07557 
330 1.10284 
335 1.12927 
340 1.15483 
345 1.18084 
350 1.20868 
355 1.23736 
360 1.26729 
365 1.29749 
370 1.3269 
375 1.35686 
380 1.38716 
385 1.41888 
390 1.4504 
395 1.48274 
400 1.51455 
405 1.54621 
410 1.57884 
415 1.61191 
420 1.64422 
425 1.67753 
430 1.71042 
435 1.74418 
440 1.77855 
445 1.81437 
450 1.84976 
455 1.88605 
460 1.92398 
465 1.96292 
470 2.0023 
475 2.04076 
480 2.07919 
485 2.11713 
490 2.15574 
495 2.1947 
500 2.23328 
505 2.2727 
510 2.31273 
515 2.35253 
520 2.39258 
525 2.43293 
530 2.47372 
535 2.5154 
540 2.55666 
545 2.59912 
550 2.64142 
555 2.68441 
560 2.72849 
565 2.77192 
570 2.81699 
575 2.86121 
580 2.90567 
585 2.95042 
590 2.99683 
595 3.04392 
600 3.09074 
605 3.13804 
610 3.18779 
615 3.23791 
620 3.29004 
625 3.34422 
630 3.39735 
635 3.44918 
640 3.50205 
645 3.55465 
650 3.60877 
655 3.66128 
660 3.71472 
665 3.76706 
670 3.82061 
675 3.87389 
680 3.9294 
685 3.98517 
690 4.04094 
695 4.09601 
700 4.15237 
705 4.21051 
710 4.26907 
715 4.3273 
720 4.3854 
725 4.44568 
730 4.50595 
735 4.56635 
740 4.6264 
745 4.68738 
750 4.74902 
755 4.81109 
760 4.87492 
765 4.93983 
770 5.00499 
775 5.06964 
780 5.13462 
785 5.19855 
790 5.26235 
795 5.32556 
800 5.38875 
805 5.45267 
810 5.51541 
815 5.57936 
820 5.64348 
825 5.70689 
830 5.77204 
835 5.8384 
840 5.90554 
845 5.97377 
850 6.04091 
855 6.10835 
860 6.17556 
865 6.24574 
870 6.31672 
875 6.38826 
880 6.45992 
885 6.53303 
890 6.60628 
895 6.6813 
900 6.7567 
905 6.82944 
910 6.90253 
915 6.97709 
920 7.05223 
925 7.12635 
930 7.20221 
935 7.27728 
940 7.35099 
945 7.42507 
950 7.50097 
955 7.57675 
960 7.65364 
965 7.73005 
970 7.80509 
975 7.88206 
980 7.95904 
985 8.03599 
990 8.11261 
995 8.18872 
1000 8.26659 
1005 8.34472 
1010 8.42342 
1015 8.49958 
1020 8.57453 
1025 8.65047 
1030 8.72664 
1035 8.80395 
1040 8.88152 
1045 8.96001 
1050 9.03823 
1055 9.11678 
1060 9.19603 
1065 9.27672 
1070 9.35781 
1075 9.43954 
1080 9.51937 
1085 9.59945 
1090 9.67981 
1095 9.76046 
1100 9.84254 
1105 9.92633 
1110 10.0114 
1115 10.0972 
1120 10.1821 
1125 10.267 
1130 10.3529 
1135 10.439 
1140 10.526 
1145 10.6149 
1150 10.7042 
1155 10.7947 
1160 10.887 
1165 10.9791 
1170 11.0703 
1175 11.1635 
1180 11.2556 
1185 11.3471 
1190 11.4388 
1195 11.5301 
1200 11.6225 
1205 11.7162 
1210 11.8109 
1215 11.907 
1220 12.0035 
1225 12.0997 
1230 12.197 
1235 12.2954 
1240 12.3917 
1245 12.4889 
1250 12.5864 
1255 12.6854 
1260 12.7846 
1265 12.8822 
1270 12.9798 
1275 13.0774 
1280 13.1742 
1285 13.2741 
1290 13.372 
1295 13.4717 
1300 13.572 
1305 13.6712 
1310 13.7708 
1315 13.8704 
1320 13.9692 
1325 14.0679 
1330 14.169 
1335 14.2709 
1340 14.3753 
1345 14.4806 
1350 14.5879 
1355 14.6935 
1360 14.7987 
1365 14.9059 
1370 15.0101 
1375 15.1139 
1380 15.2193 
1385 15.3248 
1390 15.4303 
1395 15.5374 
1400 15.644 
1405 15.7511 
1410 15.8565 
1415 15.9631 
1420 16.0716 
1425 16.1802 
1430 16.2879 
1435 16.3953 
1440 16.5023 
1445 16.61 
1450 16.7186 
1455 16.8261 
1460 16.9349 
1465 17.0434 
1470 17.1537 
1475 17.2642 
1480 17.3762 
1485 17.489 
1490 17.6025 
1495 17.7164 
1500 17.831 
1505 17.942 
1510 18.0531 
1515 18.1653 
1520 18.279 
1525 18.394 
1530 18.5098 
1535 18.6232 
1540 18.7347 
1545 18.8469 
1550 18.9618 
1555 19.0769 
1560 19.1947 
1565 19.3106 
1570 19.4282 
1575 19.5444 
1580 19.6604 
1585 19.7766 
1590 19.8939 
1595 20.0116 
1600 20.1304 
1605 20.248 
1610 20.3679 
1615 20.4851 
1620 20.6041 
1625 20.7223 
1630 20.842 
1635 20.9656 
1640 21.09 
1645 21.2157 
1650 21.3405 
1655 21.4645 
1660 21.5861 
1665 21.7065 
1670 21.8219 
1675 21.9413 
1680 22.0616 
1685 22.1808 
1690 22.3002 
1695 22.4204 
1700 22.5396 
1705 22.6602 
1710 22.7818 
1715 22.9019 
1720 23.0241 
1725 23.143 
1730 23.2606 
1735 23.3801 
1740 23.5019 
1745 23.6258 
1750 23.7489 
1755 23.8737 
1760 23.9999 
1765 24.1259 
1770 24.2534 
1775 24.384 
1780 24.5115 
1785 24.6389 
1790 24.7658 
1795 24.8947 
1800 25.0242 
1805 25.1551 
1810 25.2868 
1815 25.4199 
1820 25.5581 
1825 25.6934 
1830 25.8256 
1835 25.9562 
1840 26.0844 
1845 26.2103 
1850 26.3378 
1855 26.4687 
1860 26.6006 
1865 26.7341 
1870 26.8696 
1875 27.0083 
1880 27.1485 
1885 27.2879 
1890 27.4261 
1895 27.5632 
1900 27.7041 
1905 27.8454 
1910 27.9854 
1915 28.1277 
1920 28.2708 
1925 28.4097 
1930 28.5526 
1935 28.6952 
1940 28.836 
1945 28.9807 
1950 29.1201 
1955 29.2641 
1960 29.4072 
1965 29.551 
1970 29.6966 
1975 29.8443 
1980 29.9924 
1985 30.1411 
1990 30.2877 
1995 30.4355 
2000 30.5857 
2005 30.7362 
2010 30.8874 
2015 31.0367 
2020 31.1882 
2025 31.3394 
2030 31.4879 
2035 31.6375 
2040 31.7876 
2045 31.9382 
2050 32.0917 
2055 32.245 
2060 32.3977 
2065 32.5518 
2070 32.7074 
2075 32.8623 
2080 33.0127 
2085 33.1627 
2090 33.3124 
2095 33.4619 
2100 33.6086 
2105 33.7537 
2110 33.899 
2115 34.0429 
2120 34.188 
2125 34.3388 
2130 34.49 
2135 34.6447 
2140 34.8021 
2145 34.9582 
2150 35.1143 
2155 35.2678 
2160 35.4233 
2165 35.5818 
2170 35.7409 
2175 35.901 
2180 36.0587 
2185 36.2185 
2190 36.3802 
2195 36.5435 
2200 36.7063 
2205 36.8742 
2210 37.0406 
2215 37.2073 
2220 37.3743 
2225 37.5453 
2230 37.7133 
2235 37.8802 
2240 38.0447 
2245 38.2075 
2250 38.3725 
2255 38.5384 
2260 38.7029 
2265 38.8705 
2270 39.0355 
2275 39.2025 
2280 39.3735 
2285 39.5455 
2290 39.7164 
2295 39.8898 
2300 40.0588 
2305 40.2248 
2310 40.3945 
2315 40.5667 
2320 40.738 
2325 40.914 
2330 41.0877 
2335 41.2618 
2340 41.4349 
2345 41.6097 
2350 41.784 
2355 41.9625 
2360 42.1398 
2365 42.3138 
2370 42.4885 
2375 42.6619 
2380 42.8394 
2385 43.0167 
2390 43.1948 
2395 43.3726 
2400 43.5489 
2405 43.7262 
2410 43.9058 
2415 44.0854 
2420 44.2649 
2425 44.4426 
2430 44.6204 
2435 44.796 
2440 44.974 
2445 45.153 
2450 45.3317 
2455 45.5117 
2460 45.6941 
2465 45.8745 
2470 46.0527 
2475 46.2285 
2480 46.4031 
2485 46.5773 
2490 46.754 
2495 46.9336 
2500 47.1115 
2505 47.2859 
2510 47.458 
2515 47.6344 
2520 47.8128 
2525 47.9903 
2530 48.1663 
2535 48.3413 
2540 48.5133 
2545 48.6813 
2550 48.8526 
2555 49.0254 
2560 49.197 
2565 49.3688 
2570 49.5443 
2575 49.7185 
2580 49.8934 
2585 50.0652 
2590 50.2367 
2595 50.4073 
2600 50.581 
2605 50.7568 
2610 50.9316 
2615 51.1054 
2620 51.2782 
2625 51.4483 
2630 51.6217 
2635 51.7921 
2640 51.9651 
2645 52.1337 
2650 52.3055 
2655 52.4833 
2660 52.6584 
2665 52.8363 
2670 53.0129 
2675 53.1905 
2680 53.3661 
2685 53.5466 
2690 53.7266 
2695 53.9092 
2700 54.0946 
2705 54.2753 
2710 54.4492 
2715 54.6241 
2720 54.7961 
2725 54.971 
2730 55.1455 
2735 55.32 
2740 55.4958 
2745 55.6759 
2750 55.8581 
2755 56.041 
2760 56.227 
2765 56.4122 
2770 56.5951 
2775 56.7744 
2780 56.945 
2785 57.1235 
2790 57.3044 
2795 57.4878 
2800 57.6696 
2805 57.8569 
2810 58.0447 
2815 58.234 
2820 58.4255 
2825 58.6176 
2830 58.8048 
2835 58.9951 
2840 59.1849 
2845 59.3782 
2850 59.5748 
2855 59.7649 
2860 59.9526 
2865 60.139 
2870 60.3288 
2875 60.523 
2880 60.7188 
2885 60.9228 
2890 61.1302 
2895 61.3323 
2900 61.5343 
2905 61.7332 
2910 61.9279 
2915 62.1243 
2920 62.3228 
2925 62.5198 
2930 62.711 
2935 62.9006 
2940 63.0918 
2945 63.2855 
2950 63.4751 
2955 63.664 
2960 63.8555 
2965 64.0493 
2970 64.2446 
2975 64.4363 
2980 64.6238 
2985 64.8086 
2990 64.9979 
2995 65.1818 
3000 65.3703 
3005 65.5579 
3010 65.7489 
3015 65.9397 
3020 66.1248 
3025 66.3115 
3030 66.5016 
3035 66.6953 
3040 66.8947 
3045 67.0974 
3050 67.302 
3055 67.5158 
3060 67.7177 
3065 67.9298 
3070 68.1326 
3075 68.33 
3080 68.5366 
3085 68.7348 
3090 68.9381 
3095 69.1446 
3100 69.348 
3105 69.5484 
3110 69.7613 
3115 69.9731 
3120 70.1798 
3125 70.3841 
3130 70.5929 
3135 70.807 
3140 71.0292 
3145 71.2493 
3150 71.4652 
3155 71.6926 
3160 71.9252 
3165 72.1552 
3170 72.3778 
3175 72.5972 
3180 72.8078 
3185 73.014 
3190 73.2322 
3195 73.4499 
3200 73.6737 
3205 73.9015 
3210 74.133 
3215 74.3665 
3220 74.5983 
3225 74.8297 
3230 75.0519 
3235 75.2817 
3240 75.5166 
3245 75.7469 
3250 75.9815 
3255 76.221 
3260 76.457 
3265 76.6909 
3270 76.9292 
3275 77.1761 
3280 77.4186 
3285 77.6512 
3290 77.8886 
3295 78.1203 
3300 78.3532 
3305 78.5918 
3310 78.824 
3315 79.0583 
3320 79.2921 
3325 79.5271 
3330 79.7627 
3335 80.0076 
3340 80.2341 
3345 80.4638 
3350 80.6874 
3355 80.9064 
3360 81.123 
3365 81.3382 
3370 81.5557 
3375 81.7785 
3380 82.0073 
3385 82.231 
3390 82.4618 
3395 82.684 
3400 82.9159 
3405 83.1463 
3410 83.3783 
3415 83.603 
3420 83.8282 
3425 84.054 
3430 84.2765 
3435 84.4908 
3440 84.7151 
3445 84.9296 
3450 85.1523 
3455 85.3814 
3460 85.6199 
3465 85.8584 
3470 86.0877 
3475 86.3118 
3480 86.5369 
3485 86.7698 
3490 87.0048 
3495 87.2488 
3500 87.4883 
